1341
38 434 1 499
40 356 1 497
111 252 1 499
141 210 1 497
54 494 2 497
77 479 2 499
98 445 2 496
142 429 2 499
364 402 2 500
2 363 3 399
50 323 3 495
60 302 3 498
143 198 3 498
57 488 5 498
157 432 5 500
202 353 5 499
379 446 6 500
54 464 8 486
103 258 8 494
186 251 8 499
25 477 9 499
111 312 9 488
211 284 9 493
66 416 10 499
276 299 10 499
70 346 11 496
76 312 12 499
366 439 13 500
7 467 14 477
98 407 14 499
101 289 14 496
252 269 14 496
319 350 15 498
188 320 16 498
9 420 17 497
23 168 17 499
6 365 18 477
32 363 18 499
56 149 18 499
138 477 19 497
450 452 19 500
68 319 20 499
133 174 20 499
94 341 21 499
100 278 21 499
157 191 21 499
128 190 23 499
75 469 24 499
141 182 24 497
100 434 25 499
118 348 25 499
142 307 25 499
189 307 26 497
96 370 28 499
199 329 28 499
205 267 28 499
6 430 29 474
325 412 29 499
348 386 29 498
220 461 30 498
50 170 31 499
38 340 32 499
82 274 32 497
212 267 32 499
81 236 33 497
123 135 33 499
155 494 34 500
283 493 34 500
305 390 34 499
6 423 35 446
94 392 35 499
116 300 35 499
157 270 35 500
184 214 35 499
135 457 36 497
231 331 36 496
8 292 37 497
57 437 38 474
56 426 39 474
159 268 39 498
10 494 40 497
156 493 40 499
207 411 40 499
354 385 40 497
134 481 41 497
339 368 41 498
30 401 43 499
164 376 43 490
35 447 44 499
115 395 44 499
241 446 45 499
305 378 45 499
18 210 47 499
34 202 47 486
53 63 47 474
40 492 49 499
75 442 49 497
98 419 49 496
118 389 49 496
28 394 50 486
192 371 50 499
21 385 52 486
81 367 52 497
123 129 52 499
140 417 53 495
189 399 53 499
286 362 53 499
16 119 54 486
178 402 56 499
294 374 56 499
295 349 56 496
33 359 58 474
286 303 58 499
21 446 59 486
81 340 59 486
142 232 59 495
32 488 60 486
84 394 60 497
116 357 60 499
264 338 60 499
266 297 60 498
16 412 61 477
89 373 61 487
129 356 61 495
208 309 61 499
14 493 63 486
78 411 63 486
99 382 63 494
103 293 63 496
108 269 63 494
190 238 63 498
43 456 64 497
105 419 64 497
310 335 64 499
22 473 65 486
147 361 65 499
26 492 67 474
125 444 68 499
340 388 68 497
75 179 69 497
186 338 70 499
210 329 70 499
252 279 70 499
270 271 70 498
23 153 71 499
2 499 72 356
177 491 72 496
216 477 72 499
234 424 72 493
74 434 73 477
134 419 73 496
145 338 73 499
154 179 73 500
50 416 74 486
196 211 74 499
48 162 75 499
178 361 77 500
127 438 78 497
137 391 78 490
146 166 78 499
184 412 80 500
270 393 80 496
22 221 81 474
147 169 81 499
75 493 82 486
155 230 82 500
195 499 83 500
18 424 84 486
83 245 84 497
210 442 85 498
334 373 85 500
264 433 87 500
372 387 87 499
334 463 88 500
349 445 88 498
79 153 89 483
41 395 90 499
76 327 90 486
92 290 90 499
129 258 90 499
181 203 90 499
41 437 91 497
180 362 91 499
268 274 92 499
216 262 93 499
193 376 94 500
17 426 95 499
25 284 95 486
241 446 96 496
319 329 96 500
237 280 97 499
33 321 98 477
131 141 98 496
51 399 99 499
260 309 99 497
267 268 99 500
341 446 100 500
207 357 101 500
78 419 102 499
85 325 102 487
108 181 102 499
13 468 103 486
35 433 103 499
43 357 103 497
71 315 103 468
103 266 103 497
182 183 103 499
190 414 104 500
34 308 105 461
96 231 105 499
152 215 105 500
133 254 106 490
232 234 106 498
11 440 107 486
29 343 107 486
37 290 107 466
64 202 107 498
119 302 108 499
89 415 109 499
146 289 110 499
226 263 110 500
94 477 111 499
189 424 111 496
195 394 111 500
279 346 111 500
34 382 112 451
133 326 112 499
152 313 112 499
178 240 112 499
22 406 113 499
134 392 113 499
155 304 113 500
112 493 114 498
231 489 114 500
59 399 115 499
87 285 115 499
160 473 116 497
235 361 116 499
4 447 117 477
82 281 117 499
21 286 118 499
176 279 118 495
134 445 119 497
407 427 119 500
34 442 120 477
94 278 120 499
192 200 120 499
279 359 121 499
46 241 122 445
6 300 123 477
133 254 124 487
138 177 124 496
38 493 125 477
290 407 125 500
8 397 126 477
105 309 126 499
219 226 126 500
115 487 127 499
279 472 127 498
340 442 127 500
357 395 127 499
360 377 127 500
47 240 128 477
6 433 129 438
241 406 129 498
271 324 129 500
9 261 131 497
12 236 131 497
96 214 131 498
35 447 132 445
37 327 133 441
76 205 133 498
145 197 133 499
164 415 135 499
179 350 135 500
181 243 135 500
50 380 136 486
178 241 136 500
32 338 137 486
8 332 138 456
18 331 138 499
110 322 138 498
246 272 138 500
31 222 139 477
37 437 140 499
60 432 140 499
145 429 140 499
190 328 140 500
225 233 140 498
80 414 141 499
236 290 141 499
30 486 142 477
182 435 142 500
218 353 142 499
287 325 142 500
36 64 143 499
199 352 144 497
98 492 145 499
354 424 145 500
50 142 146 499
134 494 147 499
275 445 147 500
371 443 147 499
386 405 147 498
15 379 148 474
9 11 149 461
193 288 153 499
16 456 154 486
97 419 154 499
120 400 154 499
233 387 155 500
26 454 156 499
89 438 156 499
131 415 156 498
153 316 156 499
9 497 157 456
88 329 157 497
311 327 157 498
98 488 158 498
117 452 158 499
152 449 158 497
243 359 158 500
8 407 159 436
44 328 159 477
56 268 159 499
127 228 159 499
50 413 161 499
175 177 161 499
9 437 162 441
270 362 162 499
62 491 164 499
158 234 164 499
225 327 165 500
244 308 165 498
145 214 166 497
154 183 166 500
327 382 167 500
27 347 168 486
5 416 169 474
33 285 169 477
64 413 170 468
142 348 170 498
9 371 171 474
29 362 171 477
192 233 171 500
212 214 171 497
54 299 172 499
152 165 172 499
80 488 173 486
97 353 173 498
9 462 175 421
238 394 175 500
270 298 175 498
7 404 176 477
18 489 177 486
34 111 177 477
26 498 178 461
77 492 178 486
98 380 178 498
127 241 178 499
163 194 178 500
32 385 179 486
59 367 179 499
87 149 179 499
150 412 180 500
184 188 180 500
269 500 181 500
309 377 181 500
328 368 181 500
6 338 182 474
56 185 182 477
333 394 184 496
54 423 185 477
300 347 185 498
127 391 187 497
185 384 187 497
37 453 188 486
86 332 188 497
187 278 188 497
193 491 191 500
289 483 191 498
55 472 192 486
272 442 192 500
357 373 192 500
28 394 193 474
72 373 193 498
80 326 193 499
51 446 194 499
269 318 194 500
21 437 195 499
81 432 195 498
67 414 196 498
50 470 197 499
212 286 197 499
179 350 198 498
8 435 199 477
24 387 199 499
44 386 199 477
264 343 199 498
44 386 200 474
85 378 200 499
137 328 200 496
229 318 200 500
241 304 200 500
23 301 201 499
54 153 201 499
75 499 202 499
233 452 202 500
347 389 202 498
97 476 203 499
164 467 203 500
176 394 203 498
189 335 203 497
38 434 204 499
173 395 204 499
354 358 204 500
59 462 205 499
132 408 205 499
216 349 205 497
263 309 205 499
100 462 206 498
103 461 206 494
121 307 206 499
186 298 206 500
122 168 207 497
76 312 208 499
60 323 209 499
72 155 209 499
57 494 210 499
61 477 210 499
83 424 210 499
231 390 210 498
271 312 210 500
9 445 211 474
29 326 211 499
3 394 212 344
85 386 212 498
182 183 213 498
199 429 215 500
205 280 215 499
225 236 215 499
86 479 216 478
333 406 216 500
69 432 217 499
80 414 217 486
202 390 217 496
98 329 218 497
31 222 219 499
65 347 220 498
27 347 221 499
220 268 221 500
4 406 223 474
21 308 223 477
63 297 223 498
270 279 223 497
59 352 224 474
126 178 224 499
15 243 225 474
164 201 225 499
295 349 226 499
66 416 227 498
37 487 228 461
153 377 228 500
138 477 230 499
153 438 230 499
428 437 230 499
10 128 231 497
89 116 231 499
74 408 232 497
180 317 232 500
208 309 232 500
127 498 233 497
210 375 233 497
219 333 233 498
190 468 234 500
30 432 235 497
76 376 235 498
150 292 235 497
159 188 235 500
46 328 236 499
242 316 236 499
105 484 238 499
129 412 238 498
158 380 238 500
170 378 238 500
235 361 238 500
303 320 238 496
26 130 239 499
148 393 241 498
241 344 241 499
264 329 241 499
266 269 241 497
31 477 242 486
162 437 242 500
33 364 243 499
134 328 243 499
161 280 243 500
87 488 244 497
130 414 244 499
175 413 244 499
190 401 244 499
37 290 245 486
11 28 246 474
1 309 247 344
116 288 247 498
176 302 248 498
199 286 248 500
92 498 249 497
204 312 249 498
24 343 251 499
38 414 252 477
67 211 252 498
48 431 254 477
272 279 255 499
5 472 256 474
9 417 256 420
48 416 256 445
133 343 256 499
163 327 256 499
176 319 256 499
173 353 257 498
152 490 258 500
189 398 258 499
236 367 258 499
275 307 258 500
4 461 260 438
220 269 260 496
13 476 261 497
16 467 261 477
41 373 261 497
71 326 261 477
72 231 261 498
92 132 261 499
77 420 263 499
160 352 263 499
179 187 263 497
55 129 266 474
102 500 267 499
378 456 267 500
119 475 268 497
303 305 268 500
387 435 269 497
403 479 270 499
43 406 271 477
210 348 271 500
229 329 271 500
309 315 271 500
155 457 272 499
163 401 272 500
164 365 272 500
315 363 272 499
81 458 273 499
293 402 273 499
322 357 273 500
85 439 274 499
386 421 274 500
5 498 277 344
9 407 277 438
48 355 277 441
70 346 277 466
122 312 277 497
127 254 277 497
169 234 277 499
200 500 278 500
215 464 278 500
234 356 278 500
37 320 279 499
190 302 279 500
14 445 281 474
231 389 281 500
303 333 281 499
47 240 282 477
14 382 284 461
88 376 284 499
150 302 284 499
189 231 284 498
348 430 285 497
79 360 286 497
154 353 286 500
40 481 287 477
85 442 287 499
349 419 287 497
75 254 290 499
138 154 290 499
40 356 291 461
280 326 291 500
44 263 292 499
5 421 293 297
48 308 293 474
252 293 293 499
259 269 293 499
145 292 294 499
159 243 294 500
206 224 294 500
33 280 295 499
84 394 297 498
2 481 298 344
5 431 298 344
66 421 298 499
105 363 298 499
108 303 298 499
138 427 299 499
287 341 300 497
156 431 301 500
262 387 301 500
287 385 301 493
15 488 302 474
94 444 302 498
109 361 302 498
192 318 302 496
354 435 303 499
49 486 305 499
422 439 305 500
38 484 307 497
105 433 307 499
207 235 307 499
287 341 308 497
10 353 309 486
57 335 309 499
157 163 309 499
220 268 310 499
226 263 310 500
171 374 311 499
234 311 311 499
181 415 312 499
238 394 312 499
240 392 312 498
293 374 312 500
294 357 312 499
430 488 313 500
272 328 314 500
132 462 315 498
272 328 316 499
327 445 317 497
7 404 318 438
82 352 319 498
199 281 319 500
192 341 320 499
30 452 321 497
233 412 321 500
287 361 321 499
98 242 323 498
6 482 324 438
97 453 324 498
116 445 324 495
219 300 324 495
54 491 325 477
393 464 325 500
97 456 326 497
102 326 326 499
280 300 326 500
155 402 327 500
315 387 327 499
9 372 328 406
118 172 328 497
44 406 329 499
88 405 329 477
171 376 329 500
264 343 329 497
137 427 330 498
177 378 330 499
216 363 330 500
271 453 332 500
407 445 332 500
134 328 333 499
188 320 334 500
287 470 335 498
340 442 335 500
138 201 336 496
170 402 337 500
381 387 337 498
34 327 338 486
116 200 338 497
143 490 340 499
159 463 340 499
281 426 340 500
368 391 340 498
217 417 341 499
317 385 341 500
344 370 341 499
68 435 342 477
175 427 342 500
364 416 342 499
37 445 343 499
72 427 343 477
198 348 343 498
215 261 343 500
6 218 344 436
143 498 345 499
148 481 345 498
234 463 345 500
281 431 345 498
289 348 345 498
310 344 345 500
15 379 346 486
44 318 347 499
94 236 347 499
136 191 347 498
445 488 348 500
43 335 349 499
131 321 349 499
37 488 350 486
298 453 350 497
312 374 350 495
38 431 351 499
236 303 351 500
100 474 352 497
275 278 352 499
202 317 353 497
208 246 353 500
163 457 355 496
354 424 355 499
50 429 356 499
54 420 356 486
171 187 356 500
75 499 357 499
141 481 357 498
187 278 357 499
57 493 358 486
241 433 358 500
269 368 358 499
311 329 358 500
310 399 359 500
260 380 360 499
267 375 360 499
282 315 360 500
168 202 361 499
41 481 362 474
130 348 362 499
180 256 362 499
229 348 363 499
209 426 364 499
231 270 364 500
145 493 365 497
283 295 365 500
123 231 366 499
85 402 367 499
178 385 367 500
37 267 368 477
153 210 368 500
125 444 370 497
219 375 370 500
49 461 371 499
113 120 371 499
97 405 372 494
166 343 372 500
176 311 372 500
63 482 373 474
116 297 373 497
57 493 374 499
177 443 374 497
181 395 374 500
152 235 375 499
17 439 376 451
218 392 376 500
240 365 376 500
27 497 378 486
88 333 378 499
27 493 379 477
38 347 379 497
116 433 380 497
310 371 380 497
363 417 381 499
323 331 382 499
21 474 383 477
23 463 383 486
29 274 383 499
64 199 383 498
79 129 383 498
214 259 384 500
233 248 384 497
23 374 385 474
54 301 385 497
64 96 385 457
75 79 385 499
27 432 386 486
76 347 386 498
183 469 387 500
80 373 388 498
81 321 388 499
14 494 389 486
28 488 389 477
63 429 389 477
207 391 389 497
259 389 389 498
291 315 389 500
55 302 390 486
130 231 390 499
282 315 392 497
27 333 393 486
303 344 394 499
64 413 396 456
143 362 396 498
150 211 396 499
218 486 397 499
79 463 398 499
231 302 398 497
143 398 399 499
195 274 399 498
364 481 400 500
392 463 400 493
128 190 401 496
9 427 402 436
75 374 402 498
29 412 403 477
200 356 403 499
135 477 404 498
138 457 404 497
150 344 404 497
189 302 404 499
59 438 405 457
126 398 405 499
146 384 405 499
129 475 406 497
204 305 406 498
35 427 407 499
219 372 407 499
267 303 407 500
385 398 408 497
271 423 409 500
304 359 409 496
87 488 410 498
284 347 410 499
116 488 411 497
118 392 411 499
141 359 411 499
215 252 411 500
66 435 412 498
74 420 412 497
96 416 412 498
108 308 412 497
216 231 413 498
74 420 414 477
110 272 414 488
22 392 415 499
268 370 415 497
75 316 417 498
150 281 417 490
180 216 417 498
223 256 418 499
23 420 419 499
130 401 420 498
163 194 420 500
8 417 421 438
9 325 421 438
57 292 421 474
140 188 421 499
7 478 422 438
9 462 422 438
101 369 422 498
117 151 422 488
17 217 423 486
10 465 424 451
102 372 424 497
117 328 424 497
137 316 424 496
167 178 424 500
116 499 425 497
230 496 425 500
241 491 425 496
314 357 425 500
82 467 426 499
98 388 426 499
99 395 427 494
239 358 427 500
48 431 428 497
59 421 428 499
309 349 428 495
138 201 429 495
57 405 430 497
116 327 430 499
118 325 430 496
134 172 430 499
97 400 433 498
31 161 434 474
62 491 436 498
152 458 436 495
161 402 436 498
166 364 436 500
8 438 437 438
9 427 437 438
202 407 437 500
219 328 437 500
234 246 437 500
226 287 438 500
242 482 439 500
326 478 439 500
405 462 439 500
408 461 439 500
418 438 439 496
428 433 439 500
28 286 440 461
63 259 440 498
70 403 441 499
37 437 442 474
48 380 442 477
132 375 442 495
142 327 442 499
175 232 442 497
171 406 443 500
233 452 445 499
275 443 445 500
344 387 445 500
15 447 446 486
35 416 446 477
46 361 446 499
48 318 446 499
178 259 446 500
242 248 446 499
171 438 447 499
234 423 447 500
98 423 449 498
330 347 449 500
340 473 450 500
70 403 451 474
132 174 451 498
17 481 452 486
34 465 452 499
105 439 452 499
355 382 452 500
143 194 453 498
96 469 454 498
274 329 454 497
324 325 454 498
211 267 455 498
129 452 456 499
344 378 456 500
55 497 457 497
57 413 457 499
61 332 457 499
64 286 457 499
169 271 457 500
227 259 457 499
49 486 458 499
59 438 458 499
64 96 458 497
230 496 459 500
196 500 460 498
417 464 460 499
12 498 462 497
14 487 462 497
26 387 462 499
28 382 462 499
34 372 462 486
37 356 462 499
40 308 462 499
262 286 462 495
118 472 463 498
176 214 463 500
150 490 464 499
170 221 464 497
287 431 465 500
209 426 466 499
36 388 467 474
37 346 467 486
65 339 467 499
70 235 467 499
370 478 468 498
60 413 469 498
64 350 469 498
71 318 469 486
145 315 469 494
160 234 469 500
143 372 470 494
150 178 470 494
145 491 471 494
208 392 471 500
296 309 471 498
109 361 472 499
102 465 473 498
150 360 473 499
282 353 473 497
72 348 474 474
146 289 474 498
11 492 475 486
14 491 475 486
22 488 475 486
23 483 475 486
26 482 475 486
28 481 475 486
29 472 475 486
31 430 475 486
33 426 475 499
36 416 475 499
37 406 475 477
41 403 475 499
44 394 475 497
48 388 475 497
53 386 475 497
55 379 475 497
56 374 475 477
59 371 475 499
63 359 475 499
64 352 475 499
70 348 475 486
72 338 475 486
123 308 475 498
130 292 475 498
162 243 475 499
202 241 475 500
222 231 475 500
316 391 476 496
27 491 478 499
28 488 478 499
30 486 478 499
31 481 478 499
33 474 478 486
35 442 478 486
40 434 478 497
43 431 478 499
63 429 478 499
68 427 478 499
71 423 478 499
72 420 478 497
88 416 478 499
112 414 478 498
142 405 478 498
186 404 478 500
223 397 478 500
268 386 478 499
286 380 478 498
301 374 478 499
309 365 478 499
322 362 478 500
327 328 478 500
82 479 479 498
86 340 479 499
274 469 481 498
284 347 481 498
324 325 481 498
185 384 482 499
223 256 482 498
77 311 484 499
79 165 484 497
154 159 484 500
193 440 485 500
344 376 485 500
317 481 486 498
369 454 486 500
13 497 487 497
14 494 487 497
25 493 487 499
26 491 487 499
32 489 487 499
33 483 487 499
34 482 487 499
35 477 487 499
57 474 487 499
70 473 487 497
71 468 487 499
72 464 487 497
75 463 487 499
76 456 487 498
77 453 487 499
78 447 487 499
81 446 487 498
120 442 487 499
203 440 487 499
218 432 487 500
285 430 487 499
291 424 487 499
303 420 487 496
319 416 487 500
334 414 487 498
341 411 487 499
344 394 487 499
347 380 487 498
348 379 487 500
349 372 487 500
354 354 487 497
82 388 488 497
85 373 488 499
89 325 488 499
133 254 488 498
92 394 489 498
110 332 489 494
111 312 489 499
117 272 489 498
152 203 489 499
443 477 490 497
130 391 491 497
133 376 491 499
137 331 491 498
150 281 491 499
164 256 491 500
231 254 491 500
276 299 492 500
168 443 493 500
177 397 493 500
203 218 493 500
200 463 494 500
211 424 494 499
214 391 494 500
226 385 494 499
233 356 494 499
234 287 494 500
285 286 494 499
96 491 495 499
97 461 495 498
108 405 495 498
110 395 495 499
143 382 495 497
150 372 495 498
179 332 495 498
237 315 495 500
259 269 495 500
49 458 496 497
50 445 496 499
113 417 496 497
116 375 496 499
129 374 496 498
132 363 496 499
138 356 496 498
140 349 496 499
152 323 496 497
176 311 496 500
202 308 496 500
219 300 496 499
233 286 496 499
262 279 496 498
69 473 497 499
70 457 497 497
101 446 497 499
103 445 497 498
128 438 497 498
131 424 497 497
134 420 497 498
142 417 497 497
163 394 497 500
177 393 497 498
178 391 497 499
189 389 497 500
191 359 497 499
192 349 497 500
219 346 497 500
220 339 497 500
231 332 497 500
252 331 497 498
270 328 497 499
290 325 497 500
294 320 497 497
295 318 497 499
316 316 497 500
44 499 498 499
49 498 498 499
57 494 498 499
64 493 498 499
83 487 498 499
84 484 498 498
86 481 498 498
87 477 498 498
88 476 498 499
92 474 498 498
98 464 498 499
100 458 498 498
102 457 498 499
103 453 498 498
105 452 498 499
108 449 498 498
113 444 498 499
116 443 498 498
117 438 498 498
118 437 498 498
119 435 498 499
125 434 498 498
130 433 498 499
131 432 498 498
135 431 498 498
142 430 498 498
143 424 498 498
160 420 498 498
166 408 498 500
169 405 498 500
170 398 498 498
173 391 498 500
175 388 498 500
177 385 498 498
179 382 498 499
180 379 498 498
183 375 498 498
185 373 498 500
187 372 498 498
188 371 498 498
192 370 498 500
199 367 498 499
201 360 498 498
202 357 498 500
207 356 498 500
210 354 498 498
212 353 498 500
216 352 498 499
222 349 498 498
231 348 498 500
246 344 498 499
249 343 498 499
255 339 498 499
260 335 498 498
262 329 498 498
264 328 498 500
266 326 498 499
267 323 498 499
268 320 498 498
274 317 498 500
275 315 498 500
279 312 498 499
280 308 498 498
294 307 498 500
302 302 498 499
62 500 499 499
64 493 499 499
79 491 499 499
80 488 499 499
85 484 499 499
86 483 499 499
94 478 499 499
96 474 499 499
101 470 499 499
102 465 499 499
109 458 499 499
110 456 499 499
123 449 499 499
125 446 499 499
128 444 499 499
130 443 499 499
133 442 499 499
134 435 499 499
136 434 499 499
138 430 499 499
141 427 499 499
142 424 499 499
146 423 499 499
150 415 499 499
159 414 499 499
160 413 499 499
161 405 499 500
170 402 499 500
173 401 499 499
175 400 499 499
182 398 499 500
183 394 499 500
184 392 499 500
187 391 499 500
189 390 499 500
190 387 499 499
192 386 499 500
196 379 499 500
198 376 499 499
199 375 499 500
200 371 499 499
201 368 499 499
203 367 499 500
206 362 499 500
211 361 499 500
212 360 499 500
215 356 499 499
216 354 499 499
217 352 499 499
219 350 499 500
220 349 499 499
222 343 499 500
223 338 499 500
225 335 499 499
231 332 499 500
234 329 499 499
235 327 499 499
239 322 499 499
240 318 499 500
241 312 499 499
243 310 499 499
244 309 499 499
252 308 499 500
255 305 499 499
257 299 499 500
259 298 499 500
264 295 499 499
266 292 499 499
269 289 499 499
272 288 499 499
273 286 499 500
274 285 499 500
275 283 499 499
279 280 499 499
156 499 500 500
158 494 500 500
162 493 500 500
164 491 500 500
166 489 500 500
167 482 500 500
168 481 500 500
170 478 500 500
171 473 500 500
173 469 500 500
176 468 500 500
177 467 500 500
185 463 500 500
187 462 500 500
193 461 500 500
196 456 500 500
208 454 500 500
210 453 500 500
226 449 500 500
227 444 500 500
232 442 500 500
233 440 500 500
236 437 500 500
237 435 500 500
238 433 500 500
239 427 500 500
242 426 500 500
243 424 500 500
246 416 500 500
252 414 500 500
253 412 500 500
255 408 500 500
270 407 500 500
272 401 500 500
276 399 500 500
279 398 500 500
286 395 500 500
291 391 500 500
293 390 500 500
294 388 500 500
296 387 500 500
301 386 500 500
306 385 500 500
310 380 500 500
311 378 500 500
313 376 500 500
314 374 500 500
319 373 500 500
321 372 500 500
325 370 500 500
326 367 500 500
327 365 500 500
329 364 500 500
333 363 500 500
339 361 500 500
341 360 500 500
344 356 500 500
345 354 500 500
349 349 500 500