51
1 18 2 18
4 16 2 18
5 15 2 18
8 13 2 18
9 11 2 18
1 17 3 13
2 16 3 18
3 14 3 18
7 13 3 17
9 11 3 17
10 10 3 17
14 18 4 17
16 16 4 18
14 17 5 13
15 16 5 18
1 11 6 12
2 10 6 16
3 9 6 16
7 8 6 16
1 11 7 9
4 8 7 13
5 7 7 13
1 15 8 8
4 12 8 12
5 11 8 12
8 8 8 17
3 15 9 11
6 14 9 17
7 12 9 17
10 10 9 16
3 15 10 10
12 13 10 17
2 15 11 15
3 14 11 15
4 12 11 11
2 13 12 13
3 12 12 13
6 11 12 16
7 9 12 16
8 15 13 16
9 10 13 16
10 18 14 16
14 17 14 17
6 19 15 15
8 16 15 15
15 19 16 17
16 16 16 18
11 18 17 17
12 15 17 17
13 17 18 18
14 16 18 18