934
65 128 1 90
32 58 13 128
34 55 13 89
44 45 13 90
29 60 14 128
30 58 14 81
32 54 14 128
36 52 14 88
41 48 14 88
42 47 14 90
44 46 14 90
26 62 15 128
27 60 15 87
28 54 15 87
30 52 15 128
36 51 15 85
39 48 15 90
40 47 15 90
41 45 15 87
24 63 16 128
27 62 16 128
29 57 16 128
33 55 16 128
34 52 16 88
36 51 16 88
37 50 16 82
39 49 16 89
40 47 16 89
41 45 16 86
42 43 16 89
24 65 17 90
26 63 17 128
28 54 17 128
29 53 17 90
32 50 17 128
33 49 17 128
35 46 17 88
37 43 17 88
41 41 17 85
29 61 18 78
30 54 18 128
32 53 18 128
36 52 18 88
42 47 18 88
44 44 18 89
21 65 19 128
22 63 19 90
31 62 19 128
35 61 19 90
44 45 19 87
21 63 20 90
22 62 20 90
24 58 20 128
25 57 20 89
26 30 20 89
27 29 20 128
23 60 21 85
25 58 21 85
26 44 21 87
27 43 21 87
31 34 21 128
18 60 22 128
19 57 22 87
23 43 22 128
24 42 22 90
28 36 22 128
29 34 22 87
31 31 22 128
18 42 23 87
19 39 23 87
26 36 23 90
28 35 23 87
30 32 23 128
16 66 24 128
17 65 24 85
20 57 24 128
21 54 24 128
26 45 24 128
29 44 24 90
30 38 24 87
33 36 24 128
34 34 24 89
18 72 25 128
19 70 25 85
20 68 25 128
21 67 25 87
23 66 25 128
25 65 25 90
26 63 25 128
27 61 25 90
34 60 25 86
37 59 25 128
39 45 25 89
40 44 25 87
15 74 26 128
17 73 26 128
18 72 26 85
19 70 26 85
22 69 26 85
23 67 26 85
32 63 26 89
34 61 26 89
35 60 26 128
36 59 26 90
57 58 26 90
21 75 27 83
22 74 27 83
23 73 27 80
25 72 27 84
26 70 27 90
27 69 27 90
33 68 27 90
34 66 27 90
35 60 27 90
36 59 27 90
51 58 27 128
52 55 27 90
54 54 27 89
14 76 28 128
16 75 28 64
35 74 28 128
36 72 28 89
51 68 28 90
53 67 28 128
56 63 28 87
57 62 28 90
60 60 28 84
14 73 29 64
15 72 29 128
19 71 29 83
21 70 29 83
22 69 29 80
23 68 29 80
30 67 29 87
31 65 29 128
32 63 29 128
33 62 29 84
51 53 29 128
14 79 30 33
15 77 30 41
18 75 30 79
19 74 30 82
21 72 30 82
22 69 30 79
29 66 30 84
33 65 30 84
52 56 30 90
53 55 30 90
14 83 31 32
15 82 31 32
18 80 31 76
19 77 31 80
20 76 31 88
21 75 31 88
30 73 31 79
31 72 31 89
32 71 31 89
33 70 31 82
56 64 31 128
57 61 31 86
13 85 32 128
14 84 32 128
17 83 32 84
20 80 32 87
29 72 32 87
30 70 32 84
31 69 32 81
32 68 32 80
50 66 32 128
51 63 32 128
57 57 32 82
13 86 33 64
14 85 33 64
16 83 33 128
17 82 33 128
18 71 33 84
19 69 33 78
29 68 33 78
30 66 33 84
31 65 33 79
32 64 33 78
49 63 33 90
50 61 33 88
54 58 33 89
55 57 33 88
18 87 34 73
35 86 34 128
36 80 34 86
42 70 34 128
46 69 34 90
48 66 34 89
49 65 34 90
52 58 34 90
53 56 34 87
54 55 34 90
16 85 35 64
17 83 35 80
28 81 35 80
30 80 35 77
31 72 35 78
32 69 35 78
35 68 35 89
37 67 35 128
41 55 35 90
42 54 35 128
46 53 35 90
48 51 35 89
50 50 35 89
29 88 36 76
30 86 36 73
31 83 36 77
32 82 36 74
36 71 36 89
37 70 36 90
50 67 36 90
54 66 36 90
16 87 37 40
17 85 37 78
35 84 37 82
36 83 37 82
37 67 37 88
39 65 37 89
48 52 37 90
50 50 37 90
26 89 38 87
28 87 38 87
35 85 38 81
36 83 38 81
37 82 38 82
41 81 38 90
47 76 38 90
48 72 38 88
60 68 38 128
61 63 38 128
25 84 39 87
26 82 39 87
38 67 39 90
39 63 39 90
46 60 39 89
47 57 39 89
49 49 39 88
24 89 40 87
25 88 40 87
26 87 40 84
28 86 40 84
38 85 40 89
39 82 40 89
45 81 40 128
49 78 40 128
58 68 40 128
60 67 40 128
61 64 40 90
63 63 40 128
19 108 41 80
20 105 41 82
24 103 41 85
25 102 41 85
26 87 41 83
29 82 41 83
30 81 41 82
35 80 41 79
39 76 41 88
47 75 41 128
48 73 41 88
60 68 41 128
62 67 41 85
65 65 41 128
19 111 42 78
20 109 42 78
25 108 42 82
28 105 42 83
29 103 42 83
30 102 42 82
35 101 42 78
45 100 42 90
48 85 42 90
58 84 42 128
59 83 42 128
61 80 42 85
64 77 42 128
75 75 42 96
46 112 43 128
49 109 43 84
50 101 43 87
51 100 43 89
57 85 43 128
60 84 43 88
62 83 43 89
63 82 43 85
74 79 43 91
75 78 43 94
47 113 44 128
48 111 44 85
49 108 44 128
51 107 44 88
53 104 44 88
54 103 44 89
56 102 44 128
61 101 44 128
85 98 44 111
87 97 44 128
48 114 45 83
49 112 45 85
50 111 45 84
53 110 45 87
55 108 45 128
56 107 45 128
57 104 45 128
59 103 45 90
60 102 45 90
61 100 45 128
80 98 45 107
81 97 45 108
82 87 45 128
85 86 45 128
49 115 46 82
53 113 46 85
54 112 46 84
55 110 46 87
56 101 46 89
57 100 46 90
58 96 46 88
60 95 46 90
82 87 46 109
83 86 46 128
84 84 46 108
21 112 47 87
22 111 47 82
31 99 47 87
34 98 47 87
53 86 47 87
56 83 47 87
73 80 47 128
74 79 47 128
77 77 47 102
18 115 48 80
19 114 48 80
21 113 48 82
23 112 48 82
31 99 48 82
34 97 48 84
42 96 48 86
43 95 48 90
56 79 48 90
57 76 48 85
73 73 48 90
34 116 49 82
35 115 49 87
42 113 49 87
43 112 49 88
46 99 49 87
47 97 49 88
56 94 49 87
57 93 49 83
58 89 49 87
59 86 49 90
18 113 50 78
19 112 50 78
20 100 50 74
21 99 50 73
22 98 50 82
23 93 50 82
33 92 50 80
35 91 50 84
42 89 50 85
43 84 50 83
46 77 50 86
47 76 50 87
57 59 50 87
58 58 50 86
20 103 51 73
21 100 51 73
33 88 51 79
34 87 51 81
42 86 51 82
43 82 51 82
45 61 51 90
46 59 51 90
45 113 52 89
46 112 52 89
62 102 52 90
64 101 52 89
76 89 52 128
77 87 52 128
83 85 52 109
55 116 53 90
56 115 53 90
64 104 53 88
65 103 53 128
85 102 53 108
86 101 53 111
87 87 53 112
54 113 54 90
57 112 54 90
64 106 54 85
65 104 54 90
76 80 54 128
77 79 54 101
37 115 55 82
38 114 55 88
54 113 55 88
55 112 55 90
56 89 55 87
58 88 55 90
64 87 55 87
65 86 55 89
35 112 56 82
36 111 56 81
37 107 56 82
38 106 56 86
53 82 56 90
54 81 56 90
57 80 56 90
58 78 56 90
64 76 56 86
65 74 56 86
17 115 57 57
18 114 57 58
36 112 57 80
38 111 57 85
53 82 57 88
55 81 57 88
56 75 57 86
57 74 57 87
63 63 57 88
19 115 58 76
34 112 58 79
39 111 58 88
54 108 58 86
55 107 58 88
56 82 58 86
57 81 58 86
63 79 58 87
64 77 58 85
75 75 58 128
21 113 59 76
32 112 59 80
35 111 59 81
38 99 59 73
39 98 59 85
62 87 59 86
64 86 59 86
82 82 59 128
19 114 60 73
22 113 60 80
31 108 60 78
32 107 60 80
39 104 60 79
41 103 60 88
61 99 60 89
62 98 60 89
78 96 60 128
79 94 60 128
87 87 60 109
21 104 61 73
22 103 61 77
23 96 61 78
24 94 61 87
25 86 61 82
28 84 61 79
30 78 61 79
34 77 61 87
39 74 61 82
40 73 61 87
61 61 61 88
23 104 62 77
24 103 62 84
25 102 62 84
28 98 62 78
29 97 62 79
31 95 62 87
40 89 62 87
42 87 62 88
60 86 62 88
62 84 62 88
73 73 62 128
29 108 63 78
30 107 63 79
41 106 63 86
43 104 63 87
53 103 63 88
54 102 63 88
60 98 63 87
61 97 63 87
63 96 63 86
65 94 63 85
67 89 63 89
68 87 63 128
78 78 63 128
45 109 64 88
46 108 64 88
50 103 64 90
51 102 64 87
52 99 64 90
53 98 64 87
59 96 64 88
60 95 64 88
61 92 64 85
63 90 64 84
66 86 64 128
69 84 64 128
72 77 64 128
73 76 64 90
1 128 65 128
13 114 65 128
42 113 65 87
43 107 65 87
46 106 65 81
50 102 65 87
51 99 65 87
54 98 65 86
58 97 65 86
59 91 65 82
61 90 65 81
62 84 65 86
65 82 65 86
66 81 65 90
67 78 65 128
68 77 65 90
69 75 65 128
70 73 65 89
71 71 65 128
45 114 66 86
52 113 66 89
57 112 66 89
58 111 66 86
60 109 66 85
61 108 66 85
62 107 66 85
67 106 66 90
69 105 66 90
71 103 66 85
77 97 66 128
83 96 66 128
26 112 67 79
27 111 67 86
62 106 67 86
63 105 67 86
67 96 67 88
68 94 67 90
69 81 67 90
70 78 67 88
26 109 68 78
27 108 68 84
58 107 68 86
59 106 68 84
62 94 68 86
63 93 68 85
67 77 68 86
68 76 68 88
25 107 69 78
29 106 69 86
57 94 69 86
58 93 69 85
59 92 69 85
62 91 69 84
64 83 69 84
65 81 69 86
66 80 69 88
67 79 69 88
77 77 69 100
24 110 70 78
25 109 70 78
29 96 70 84
30 95 70 79
62 83 70 84
64 81 70 82
65 80 70 85
66 79 70 87
22 76 71 75
23 75 71 74
24 68 71 75
28 66 71 86
33 64 71 86
35 62 71 87
38 57 71 82
41 55 71 87
44 52 71 128
46 49 71 128
19 96 72 72
20 95 72 76
24 76 72 76
25 75 72 76
26 71 72 78
27 70 72 83
32 69 72 86
34 68 72 87
35 66 72 87
37 65 72 86
42 63 72 83
44 59 72 88
54 58 72 89
55 57 72 88
20 118 73 73
25 117 73 75
26 110 73 77
28 109 73 84
30 96 73 86
33 88 73 84
34 87 73 83
37 71 73 86
39 70 73 82
40 69 73 87
41 68 73 87
49 67 73 90
51 65 73 128
54 63 73 128
56 62 73 90
59 61 73 88
60 60 73 88
21 118 74 76
27 114 74 80
28 110 74 83
29 109 74 86
32 104 74 84
33 103 74 86
34 100 74 84
35 88 74 83
36 86 74 82
39 76 74 82
40 75 74 86
41 70 74 86
42 68 74 83
43 67 74 82
44 65 74 83
45 64 74 128
46 62 74 128
49 61 74 88
50 59 74 128
52 57 74 128
55 56 74 90
24 118 75 76
27 117 75 78
28 116 75 80
29 115 75 84
33 109 75 82
34 108 75 84
35 100 75 75
36 96 75 82
37 95 75 81
41 88 75 84
42 87 75 84
43 82 75 81
44 77 75 82
45 71 75 88
47 70 75 86
51 69 75 128
53 67 75 90
58 65 75 90
60 63 75 128
26 119 76 76
28 118 76 79
29 117 76 77
35 116 76 79
36 115 76 81
37 109 76 81
46 108 76 86
47 107 76 86
51 106 76 90
55 100 76 128
56 96 76 90
57 95 76 90
60 88 76 128
61 87 76 90
65 80 76 90
66 79 76 128
67 77 76 90
71 76 76 128
72 74 76 88
35 118 77 77
37 116 77 80
46 113 77 83
47 108 77 83
49 107 77 88
55 106 77 88
56 105 77 87
57 104 77 89
58 103 77 128
59 100 77 90
65 99 77 128
66 95 77 89
67 88 77 90
69 81 77 89
70 80 77 128
71 79 77 128
72 78 77 89
73 77 77 88
76 76 77 128
36 119 78 80
39 117 78 81
40 116 78 84
41 115 78 84
43 111 78 81
49 108 78 87
50 107 78 90
51 105 78 90
52 102 78 128
53 101 78 128
54 100 78 128
57 86 78 128
61 85 78 128
65 84 78 128
66 81 78 88
67 79 78 86
71 78 78 89
77 77 78 128
31 116 79 86
33 113 79 86
34 112 79 83
35 111 79 83
37 110 79 80
38 109 79 82
40 105 79 83
43 102 79 83
48 99 79 90
50 93 79 90
53 92 79 90
56 91 79 128
61 86 79 128
63 84 79 128
64 83 79 90
65 80 79 128
67 79 79 82
68 75 79 82
69 74 79 83
71 71 79 88
30 118 80 86
35 116 80 86
42 107 80 83
44 106 80 83
46 105 80 82
47 104 80 82
48 98 80 87
53 97 80 89
56 96 80 90
58 95 80 128
59 94 80 86
60 93 80 128
62 88 80 90
65 84 80 90
70 79 80 90
72 78 80 88
74 74 80 128
33 118 81 86
35 115 81 86
38 113 81 81
41 111 81 83
44 108 81 83
46 107 81 81
53 106 81 85
54 104 81 89
70 92 81 89
74 83 81 90
78 81 81 128
80 80 81 128
39 116 82 82
40 115 82 82
41 113 82 82
46 111 82 82
54 109 82 83
55 107 82 128
60 106 82 128
61 95 82 90
62 90 82 90
64 87 82 89
70 85 82 89
81 83 82 128
82 82 82 108
31 115 83 86
33 108 83 86
42 107 83 83
43 105 83 83
48 102 83 85
51 99 83 86
52 98 83 87
54 96 83 87
55 93 83 90
59 91 83 128
65 86 83 128
67 84 83 89
73 83 83 90
74 79 83 88
75 77 83 88
76 76 83 99
45 120 84 84
46 119 84 84
51 114 84 84
52 113 84 86
57 112 84 90
59 111 84 89
60 109 84 128
61 106 84 88
62 105 84 84
63 103 84 90
64 102 84 90
65 93 84 128
66 88 84 90
72 84 84 90
76 82 84 98
32 116 85 86
33 114 85 86
54 112 85 85
56 111 85 128
63 106 85 128
64 105 85 89
65 104 85 87
66 103 85 89
71 102 85 90
72 100 85 90
73 97 85 90
84 96 85 128
87 90 85 128
53 113 86 87
54 109 86 87
55 108 86 86
57 107 86 128
58 98 86 128
70 94 86 90
71 89 86 90
73 82 86 88
77 77 86 98
56 119 87 90
57 117 87 90
59 116 87 128
65 109 87 128
66 104 87 88
67 103 87 89
70 99 87 89
72 98 87 87
75 97 87 89
77 96 87 94
80 94 87 98
82 87 87 107
85 86 87 98
49 119 88 90
50 117 88 90
63 115 88 128
65 113 88 128
70 112 88 88
72 109 88 88
73 108 88 88
74 107 88 89
75 105 88 89
77 104 88 91
78 103 88 104
82 101 88 104
83 99 88 98
84 97 88 109
85 96 88 109
87 95 88 94
89 89 88 112
58 114 89 90
59 113 89 90
71 111 89 89
72 107 89 89
76 104 89 97
77 102 89 97
81 97 89 107
82 96 89 107
83 95 89 94
87 87 89 94
84 111 90 93
85 110 90 98
87 103 90 98
88 100 90 128
90 98 90 112
93 95 90 128
79 128 91 101
82 116 91 101
83 115 91 92
86 114 91 128
87 112 91 128
88 107 91 111
90 104 91 111
91 103 91 128
93 97 91 128
76 111 92 94
77 110 92 94
80 104 92 104
83 103 92 104
85 101 92 94
86 115 93 110
100 101 93 128
86 111 94 109
87 100 94 110
88 98 94 109
79 110 95 98
83 109 95 98
87 101 95 109
89 100 95 128
90 99 95 128
96 96 95 128
89 98 96 111
90 95 96 111
103 110 98 128
105 109 98 111
78 110 99 103
79 103 99 103
80 99 99 101
83 94 99 101
109 109 100 128
109 109 101 111
78 128 102 102
79 116 102 102
82 109 102 104
83 107 102 104
95 99 102 128
108 128 103 128
109 116 103 128
104 110 104 128
107 108 104 128
102 109 105 128
105 106 105 110
107 107 106 128
105 105 107 109
88 106 108 109
97 105 108 128
98 98 108 128
98 104 109 111
97 111 110 112
98 106 110 112
99 105 110 111
102 104 110 128
100 115 111 111
102 106 111 111
103 104 111 128
96 115 112 128
97 108 112 128
101 107 112 128
102 106 112 128
105 105 112 128
91 111 113 113
96 106 113 113
107 111 114 128