1519
40 190 1 1470
336 533 6 1492
383 486 6 1492
43 718 14 1357
194 642 14 1481
1043 1118 22 1416
615 690 25 1481
394 469 27 1485
423 498 30 1485
782 1016 33 1464
858 865 33 1465
1105 1180 38 1497
707 857 42 1459
576 651 47 1481
39 915 49 1470
115 764 49 1475
1251 1401 52 1403
2 77 57 207
64 214 62 1470
947 1097 63 1481
709 859 66 1475
887 1037 68 1470
227 377 71 1475
1330 1480 73 1487
1325 1400 74 1487
40 190 77 1470
240 971 81 1470
348 895 81 1485
391 423 81 1481
336 533 82 1485
383 486 82 1485
266 341 87 1485
43 193 90 1319
1160 1235 92 1497
866 1016 94 1485
355 430 103 1485
131 206 107 1446
919 1069 108 1485
866 1016 109 1465
375 450 112 1481
1351 1426 115 1487
49 124 116 1318
707 857 118 1485
915 1065 120 1485
765 915 125 1475
1251 1401 128 1399
109 259 129 1475
470 620 130 1481
70 1043 131 1470
221 892 131 1468
697 847 132 1485
1128 1278 133 1497
1096 1171 135 1497
1109 1184 137 1497
64 214 138 1470
554 1097 139 1485
705 946 139 1485
880 955 140 1475
709 859 142 1485
887 1037 144 1468
227 377 147 1475
286 1480 149 1475
362 1329 149 1481
877 952 151 1481
993 1361 152 1481
1069 1210 152 1497
997 1072 153 1475
1087 1162 156 1481
240 390 157 1470
365 723 161 1468
516 647 161 1492
295 718 165 1468
371 642 165 1468
866 1120 170 1481
1017 1044 170 1485
504 1125 171 1492
580 1049 171 1480
678 828 171 1492
1043 1118 173 1492
615 690 176 1481
394 469 178 1470
157 498 181 1475
308 422 181 1492
782 1069 184 1481
858 918 184 1492
1105 1180 189 1485
24 174 190 1470
838 988 193 1492
915 1065 196 1492
297 651 198 1475
373 575 198 1492
39 642 200 1470
115 566 200 1475
506 814 204 1492
582 738 204 1492
109 259 205 1446
470 620 206 1492
70 1043 207 1470
221 892 207 1446
697 864 208 1485
714 847 208 1485
1128 1278 209 1497
960 1035 210 1492
554 704 215 1492
1276 1351 224 1475
1325 1400 225 1465
812 1361 228 1492
963 1210 228 1492
348 971 232 1492
424 895 232 1481
365 515 237 1475
266 341 238 1475
513 663 240 1480
1160 1235 243 1497
543 693 244 1485
678 1477 247 1485
829 1401 247 1492
1075 1150 247 1492
385 1395 252 1492
536 1319 252 1492
355 430 254 1481
1059 1209 255 1497
157 307 257 1475
131 206 258 1470
604 679 259 1492
363 438 261 1481
375 450 263 1492
24 1426 266 1319
175 1350 266 1481
49 1243 267 1319
125 1092 267 1470
838 988 269 1492
269 1474 273 1481
345 1323 273 1492
1057 1132 273 1497
671 746 275 1492
905 1055 280 1480
906 981 281 1475
332 864 284 1481
483 713 284 1492
520 595 285 1481
367 1171 286 1492
518 1095 286 1492
72 147 287 1320
1109 1184 288 1497
880 971 291 1485
896 955 291 1485
254 404 294 1485
104 254 298 1475
286 361 300 1485
877 1393 302 1485
953 1242 302 1481
993 1446 303 1492
1069 1295 303 1492
812 1072 304 1485
963 996 304 1470
842 1332 306 1492
918 1181 306 1485
190 1162 307 1405
341 1086 307 1492
53 1109 312 1281
204 958 312 1481
648 723 312 1492
550 700 313 1492
845 995 315 1492
295 663 316 1481
371 512 316 1492
3 1268 319 469
38 1192 319 1357
79 188 319 1357
543 693 320 1492
1045 1120 321 1485
504 1125 322 1492
580 1049 322 1485
626 701 325 1492
1044 1119 327 1492
385 535 328 1492
1059 1209 331 1497
1227 1377 342 1481
45 1243 343 1357
121 1092 343 1475
766 841 344 1492
397 547 345 1485
32 1236 348 1357
108 1085 348 1470
297 1474 349 1448
373 1323 349 1492
1048 1198 349 1497
567 642 351 1485
1189 1339 354 1481
44 814 355 1319
120 738 355 1475
506 581 355 1492
403 1055 356 1492
479 904 356 1492
895 1272 359 1492
1046 1121 359 1492
332 482 360 1446
960 1035 361 1475
367 517 362 1492
1200 1350 363 1497
602 843 366 1485
678 692 366 1492
254 404 370 1448
104 1433 374 1470
255 1282 374 1475
395 470 374 1485
172 1351 375 1481
248 1275 375 1481
220 885 377 1481
296 809 377 1481
483 558 377 1485
1243 1393 378 1497
1296 1446 379 1487
1195 1345 380 1492
1182 1332 382 1492
190 340 383 1481
299 449 384 1481
53 1109 388 1357
204 958 388 1468
550 700 389 1485
120 995 391 1470
196 844 391 1481
1005 1155 393 1485
38 1409 395 1357
189 1333 395 1481
350 896 395 1485
426 820 395 1485
497 647 396 1492
1075 1477 398 1485
1151 1401 398 1481
1309 1384 399 1485
200 275 402 1481
1320 1395 403 1492
36 186 404 1281
49 124 405 1319
747 897 406 1485
1140 1215 409 1492
604 679 410 1485
283 358 411 1485
363 438 412 1468
1227 1377 418 1497
397 547 421 1475
150 1236 424 1475
269 1132 424 1485
301 1085 424 1492
345 1056 424 1481
1048 1198 425 1492
671 746 426 1492
1024 1099 428 1492
1189 1339 430 1485
906 981 432 1481
1334 1484 433 1497
895 1272 435 1492
1046 1121 435 1492
520 595 436 1492
72 147 438 1357
1200 1350 439 1492
1362 1437 440 1497
693 971 442 1481
844 895 442 1480
240 315 443 1475
1145 1220 444 1481
1397 1472 445 1487
1283 1433 450 1497
730 1496 456 1480
881 1420 456 1480
1011 1345 456 1485
1087 1194 456 1492
842 917 457 1485
299 449 460 1468
1346 1421 465 1497
1005 1155 469 1485
79 1192 470 1357
497 647 472 1492
1100 1250 475 1497
626 701 476 1485
784 1119 478 1485
935 1043 478 1492
36 373 480 1105
187 222 480 1481
747 897 482 1492
62 700 492 1357
213 624 492 1475
381 456 492 1485
45 120 494 1318
766 841 495 1492
1041 1191 498 1492
32 107 499 1281
150 300 500 1446
1157 1307 503 1497
44 119 506 1357
403 478 507 1485
1334 1484 509 1497
94 1272 512 1475
245 1196 512 1468
602 677 517 1492
256 406 520 1481
395 470 525 1492
172 247 526 1446
220 885 528 1481
296 809 528 1481
483 775 528 1492
559 714 528 1485
564 624 528 1481
730 880 532 1492
82 232 533 1321
1076 1151 538 1475
120 195 542 1475
350 1409 546 1492
426 1333 546 1492
821 896 546 1492
216 1238 547 1475
292 1162 547 1481
207 1384 550 1446
358 1308 550 1485
1100 1250 551 1492
200 1237 553 1481
276 1161 553 1475
941 1016 553 1485
784 1484 554 1492
935 1408 554 1492
49 373 556 1357
125 222 556 1475
467 617 558 1492
1140 1215 560 1497
283 358 562 1485
62 212 568 1320
1041 1191 574 1485
1236 1311 578 1492
1024 1307 579 1485
1100 1156 579 1475
1393 1468 583 1492
1053 1128 587 1485
94 244 588 1470
32 1468 590 1105
183 1420 590 1481
1318 1344 590 1492
1362 1437 591 1497
240 315 594 1481
1145 1220 595 1492
256 1472 596 1475
407 1396 596 1448
1015 1165 599 1492
414 1187 602 1446
565 1111 602 1492
247 775 604 1475
323 714 604 1492
564 624 604 1485
563 1373 606 1485
639 1222 606 1485
1011 1496 607 1481
1087 1420 607 1492
82 232 609 1357
642 717 610 1481
137 1421 616 1470
213 1345 616 1346
24 1177 620 1105
175 1101 620 1481
216 384 623 1481
292 308 623 1485
6 81 625 1105
207 357 626 1481
1276 1351 627 1481
328 478 628 1485
1095 1245 630 1468
1101 1176 633 1492
467 617 634 1492
923 998 639 1492
1008 1158 641 1485
967 1301 642 1465
1118 1150 642 1497
381 700 643 1470
457 624 643 1485
172 301 645 1405
226 247 645 1468
298 590 647 1481
449 514 647 1492
311 638 653 1492
408 558 653 1485
462 487 653 1485
767 917 656 1492
149 224 660 1446
1197 1272 663 1497
1159 1309 664 1497
32 1468 666 1029
54 1317 666 1357
183 204 666 1481
725 1492 672 1485
876 1341 672 1480
336 1165 675 1485
412 1014 675 1485
414 1239 678 1475
565 1088 678 1492
833 983 678 1481
1223 1373 682 1497
1267 1342 682 1497
1163 1313 683 1485
1076 1151 689 1492
848 998 691 1481
125 200 692 1349
24 174 696 1105
216 1238 698 1481
292 1162 698 1481
676 751 699 1492
1055 1255 701 1492
1105 1205 701 1497
1051 1126 703 1492
328 1237 704 1492
479 1161 704 1481
941 1016 704 1485
135 1484 705 1470
211 1408 705 1475
1095 1245 706 1485
1030 1180 711 1485
905 980 714 1481
554 704 716 1492
633 1308 717 1485
709 1158 717 1480
1008 1157 717 1485
967 1301 718 1485
1118 1150 718 1497
1062 1137 719 1497
298 448 723 1475
311 1311 729 1485
408 1235 729 1492
462 638 729 1485
488 558 729 1485
1262 1337 730 1497
438 1270 731 1481
514 1194 731 1492
767 917 732 1485
590 740 733 1492
1393 1468 734 1497
120 270 737 1470
1053 1352 738 1492
1129 1276 738 1492
1159 1309 740 1497
1073 1420 741 1497
1224 1344 741 1492
54 204 742 1318
650 725 746 1485
725 1492 748 1485
876 1341 748 1480
1294 1369 751 1497
1112 1187 753 1480
833 1326 754 1492
984 1239 754 1485
1089 1175 754 1480
247 322 755 1475
563 638 757 1485
1163 1313 759 1497
642 717 761 1481
1056 1131 764 1492
132 1335 767 1446
137 1259 767 1398
208 998 767 1475
213 847 767 1405
659 809 770 1470
1102 1177 771 1492
551 701 772 1485
216 384 774 1475
292 308 774 1475
1041 1191 775 1492
6 81 776 1029
1055 1255 777 1492
1105 1205 777 1485
1276 1351 778 1497
752 902 782 1492
1101 1176 784 1492
157 307 785 1475
548 933 786 1492
624 857 786 1492
1030 1180 787 1492
923 998 790 1485
554 704 792 1492
602 1308 793 1485
753 1157 793 1485
1302 1452 794 1470
15 618 796 1470
166 542 796 1481
172 301 796 1481
226 247 796 1481
515 590 798 1492
232 820 804 1470
383 669 804 1492
535 685 807 1481
590 1399 809 1481
741 1323 809 1492
986 1070 810 1492
995 1061 810 1492
149 380 811 1470
225 229 811 1481
120 927 813 1470
271 851 813 1481
682 757 816 1480
1073 1223 817 1485
637 787 820 1492
749 824 821 1485
434 509 824 1492
336 411 826 1492
695 1326 830 1492
771 1175 830 1480
433 1342 833 1492
509 1266 833 1492
771 846 835 1470
53 128 836 1470
302 782 840 1481
453 631 840 1492
664 739 842 1492
125 200 843 1340
1311 1386 845 1497
659 809 846 1492
551 701 848 1481
616 801 850 1492
651 751 850 1475
676 691 850 1480
1041 1191 851 1492
236 1126 854 1398
312 1050 854 1481
135 1236 856 1470
211 1160 856 1405
752 1447 858 1492
903 1296 858 1480
157 307 861 1357
1220 1295 864 1492
905 980 865 1492
629 779 867 1492
633 708 868 1492
602 752 869 1478
1062 1452 870 1481
1138 1301 870 1497
15 1389 872 1319
166 1313 872 1475
409 559 872 1475
650 725 875 1481
866 1139 879 1480
1017 1063 879 1492
232 820 880 1475
383 669 880 1492
1262 1337 881 1485
438 1270 882 1470
514 1194 882 1492
535 685 883 1492
672 1177 886 1492
748 1101 886 1485
872 947 886 1485
230 380 887 1475
1277 1352 889 1497
1107 1257 890 1485
336 411 893 1485
448 523 894 1481
582 657 895 1492
637 787 896 1492
650 725 897 1492
117 1369 902 1357
242 1293 902 1481
268 470 902 1485
318 394 902 1485
463 613 906 1492
266 416 913 1485
418 1131 915 1481
494 1055 915 1480
302 782 916 1481
453 631 916 1492
132 1335 918 1357
208 1259 918 1405
962 1440 921 1485
1038 1289 921 1492
1200 1350 924 1481
651 813 926 1481
663 801 926 1481
303 1487 927 1470
454 1336 927 1485
597 866 928 1492
610 760 928 1481
716 747 928 1481
65 140 932 1357
1297 1447 934 1481
675 750 935 1492
288 933 937 1485
364 857 937 1448
536 686 937 1480
548 623 937 1481
629 779 943 1478
42 192 945 1470
543 618 947 1492
409 559 948 1492
293 443 949 1485
730 880 951 1481
1132 1282 952 1497
825 900 953 1485
866 1016 955 1492
909 1059 957 1492
1324 1399 960 1492
232 1070 961 1475
308 1061 961 1492
986 994 961 1492
84 159 962 1470
852 1215 964 1481
928 1064 964 1492
1107 1257 966 1492
652 802 967 1468
682 757 967 1480
215 365 968 1398
454 604 969 1485
237 824 972 1470
313 748 972 1492
339 414 973 1485
434 509 975 1492
117 267 978 1357
951 1101 979 1492
1228 1303 980 1480
695 770 981 1492
463 613 982 1492
1141 1216 983 1492
433 508 984 1485
319 394 985 1485
771 846 986 1492
53 128 987 1470
266 1015 989 1481
417 864 989 1492
589 1368 991 1492
740 1217 991 1492
664 739 993 1481
581 757 994 1485
607 656 994 1481
1311 1386 996 1497
1290 1440 997 1497
1200 1350 1000 1497
616 844 1001 1492
692 693 1001 1492
663 813 1002 1485
303 1487 1003 1481
454 1336 1003 1492
597 866 1004 1492
610 760 1004 1475
716 747 1004 1492
236 1411 1005 1470
312 1260 1005 1492
1131 1206 1005 1497
1161 1236 1007 1492
1282 1357 1008 1492
229 1176 1010 1481
305 1100 1010 1481
305 686 1013 1475
381 535 1013 1481
953 1103 1014 1485
694 1295 1015 1485
845 1219 1015 1492
335 485 1017 1492
85 160 1018 1470
692 767 1019 1492
42 192 1021 1319
358 1389 1023 1468
509 1313 1023 1468
293 443 1025 1475
650 725 1026 1492
730 880 1027 1492
1132 1282 1028 1497
4 1468 1030 1105
6 1139 1030 1105
32 1063 1030 1470
48 154 1030 1470
82 123 1030 1320
909 1059 1033 1485
1024 1174 1034 1485
672 1177 1037 1481
748 1101 1037 1492
783 947 1037 1492
872 933 1037 1481
84 665 1038 1470
160 514 1038 1481
693 843 1039 1475
1065 1215 1040 1481
652 802 1043 1485
215 411 1044 1481
336 365 1044 1468
448 604 1045 1492
454 523 1045 1492
582 707 1046 1481
632 657 1046 1485
887 1200 1050 1475
963 1049 1050 1481
248 985 1052 1481
324 909 1052 1468
242 1201 1053 1481
318 1050 1053 1492
395 470 1053 1485
951 1101 1055 1492
425 575 1060 1481
62 212 1063 1357
865 1015 1065 1443
418 493 1066 1492
589 1368 1067 1480
740 1217 1067 1481
247 429 1068 1475
323 353 1068 1492
607 1310 1070 1480
758 1159 1070 1485
439 1037 1072 1492
590 961 1072 1481
694 1118 1077 1485
845 967 1077 1492
1261 1411 1081 1492
65 140 1083 1357
365 1332 1084 1492
516 1256 1084 1492
1203 1452 1085 1480
1354 1376 1085 1487
330 750 1086 1492
481 674 1086 1480
288 363 1088 1475
953 1103 1090 1480
694 844 1091 1492
335 862 1093 1492
486 711 1093 1485
1381 1456 1097 1497
358 1215 1099 1492
509 1139 1099 1485
250 400 1101 1485
825 1045 1104 1492
895 900 1104 1492
182 257 1105 1481
32 1177 1106 1319
36 1139 1106 1281
82 601 1106 1319
155 450 1106 1475
175 373 1106 1481
1097 1172 1108 1497
1024 1174 1110 1485
442 517 1111 1485
232 307 1112 1481
84 933 1113 1281
160 782 1113 1475
515 665 1114 1492
379 843 1115 1481
455 692 1115 1492
1421 1496 1118 1497
357 507 1119 1492
649 799 1121 1492
237 992 1123 1470
313 916 1123 1492
339 414 1124 1492
1050 1200 1126 1480
1051 1201 1129 1481
1228 1303 1131 1485
1141 1497 1134 1497
1217 1346 1134 1497
319 575 1136 1492
395 424 1136 1485
1211 1286 1137 1485
1054 1337 1138 1492
1205 1261 1138 1497
62 212 1139 1319
1104 1254 1141 1497
50 200 1143 1319
1220 1394 1144 1492
1244 1295 1144 1497
581 1070 1145 1492
657 994 1145 1485
936 1310 1146 1485
1087 1159 1146 1481
208 589 1148 1481
284 438 1148 1485
907 1057 1149 1485
1165 1315 1150 1497
968 1118 1153 1485
188 1206 1156 1357
264 1130 1156 1485
712 787 1156 1492
301 451 1157 1485
1282 1357 1159 1497
365 515 1160 1492
229 1353 1161 1481
305 1202 1161 1475
1101 1176 1161 1497
330 480 1162 1485
759 834 1163 1478
129 380 1164 1470
205 304 1164 1475
1172 1322 1168 1492
85 862 1169 1470
161 711 1169 1470
163 767 1170 1405
239 691 1170 1475
78 153 1171 1357
157 664 1177 1475
233 588 1177 1405
250 400 1177 1475
303 378 1177 1481
895 1045 1180 1485
48 1210 1181 1357
124 1134 1181 1475
451 601 1182 1492
1328 1478 1185 1492
84 159 1189 1279
1085 1235 1190 1481
357 507 1195 1492
632 799 1197 1492
649 707 1197 1492
97 172 1199 1446
887 962 1201 1492
248 1232 1203 1448
324 1147 1203 1481
910 1081 1203 1485
986 996 1203 1485
74 492 1204 1320
225 341 1204 1481
1157 1307 1208 1497
1009 1497 1210 1492
1085 1346 1210 1492
246 321 1211 1475
469 544 1213 1485
1054 1204 1214 1468
1104 1254 1217 1497
1196 1271 1218 1497
50 429 1219 1357
201 353 1219 1475
247 322 1219 1468
1244 1394 1220 1492
936 1086 1222 1492
357 507 1223 1468
907 1057 1225 1492
1165 1315 1226 1497
218 1186 1231 1481
369 1110 1231 1492
1247 1322 1232 1497
301 451 1233 1481
442 517 1234 1485
1257 1332 1235 1497
1377 1452 1236 1497
1053 1128 1241 1481
39 189 1243 1318
1172 1322 1244 1497
56 1372 1245 1320
207 1296 1245 1481
394 1339 1246 1485
470 1330 1246 1485
1255 1263 1246 1492
135 1456 1248 1475
211 1380 1248 1481
1140 1347 1250 1481
1197 1215 1250 1497
182 257 1256 1481
303 759 1258 1481
454 683 1258 1485
1097 1172 1259 1492
683 1478 1261 1481
759 1327 1261 1475
442 517 1262 1485
151 301 1263 1475
97 1449 1265 1357
248 1298 1265 1481
705 855 1265 1492
379 1235 1266 1492
455 1084 1266 1485
1421 1496 1269 1487
210 1345 1271 1470
361 1269 1271 1492
1168 1243 1271 1492
917 992 1274 1480
997 1232 1279 1492
1082 1147 1279 1485
74 492 1280 1357
84 341 1280 1318
160 224 1280 1446
922 997 1281 1468
29 1444 1282 1470
32 1293 1282 1470
53 1139 1282 1357
84 1109 1282 1357
108 933 1282 1475
180 186 1282 1475
1074 1224 1283 1485
1157 1307 1284 1497
587 662 1285 1492
1211 1286 1288 1481
1262 1337 1289 1492
562 826 1293 1492
713 750 1293 1481
758 908 1294 1485
1220 1295 1295 1497
94 1070 1296 1446
170 994 1296 1481
428 503 1296 1481
208 507 1299 1481
284 356 1299 1485
612 687 1300 1492
1289 1364 1302 1492
724 799 1303 1480
188 787 1307 1475
218 711 1307 1481
264 368 1307 1475
563 754 1309 1485
679 713 1309 1492
680 830 1310 1492
454 604 1311 1485
759 834 1314 1492
129 1334 1315 1470
205 1258 1315 1475
795 870 1315 1492
262 882 1316 1485
413 731 1316 1492
197 272 1318 1475
45 341 1319 1470
49 204 1319 1470
54 124 1319 1357
84 120 1319 1357
13 1426 1320 1470
15 1389 1320 1470
24 1243 1320 1470
32 1177 1320 1470
42 814 1320 1470
43 601 1320 1357
44 212 1320 1357
50 200 1320 1470
62 193 1320 1320
82 192 1320 1320
89 124 1320 1475
72 1372 1321 1357
74 492 1321 1357
124 238 1321 1470
148 212 1321 1475
163 206 1321 1446
193 193 1321 1475
78 232 1322 1357
82 153 1322 1357
1154 1304 1324 1497
89 164 1325 1470
1197 1347 1326 1492
157 1321 1328 1475
233 1170 1328 1475
303 664 1328 1409
379 618 1328 1492
543 588 1328 1492
932 1007 1331 1485
1135 1210 1332 1497
303 453 1334 1405
1048 1123 1335 1485
151 301 1339 1470
97 1449 1341 1475
125 1298 1341 1475
201 1073 1341 1475
248 922 1341 1481
705 855 1341 1485
301 376 1342 1481
1264 1414 1344 1481
210 1345 1347 1475
213 1122 1347 1481
361 1046 1347 1481
97 930 1350 1470
125 779 1350 1470
173 200 1350 1475
29 1449 1358 1470
32 1444 1358 1470
45 1409 1358 1470
48 1372 1358 1470
49 1369 1358 1470
50 1335 1358 1470
97 1317 1358 1446
120 1293 1358 1475
121 1243 1358 1475
125 1236 1358 1446
132 1210 1358 1470
148 1206 1358 1470
157 1139 1358 1470
180 718 1358 1481
188 700 1358 1481
189 601 1358 1481
268 429 1358 1475
308 373 1358 1470
1074 1434 1359 1485
1225 1283 1359 1474
1009 1084 1361 1464
246 321 1362 1481
469 544 1364 1492
857 1007 1366 1485
795 945 1368 1478
562 1403 1369 1492
713 1271 1369 1485
1196 1252 1369 1497
758 908 1370 1485
668 818 1371 1492
248 398 1373 1481
1111 1186 1382 1481
1247 1322 1383 1497
442 713 1385 1485
518 562 1385 1485
680 830 1386 1492
454 604 1387 1481
750 900 1389 1492
262 1128 1392 1481
413 1052 1392 1492
732 882 1392 1492
1297 1372 1396 1492
394 1339 1397 1492
470 1330 1397 1492
1255 1263 1397 1492
135 1259 1399 1475
137 1250 1399 1470
211 1126 1399 1470
215 1099 1399 1405
236 365 1399 1475
1154 1401 1400 1497
1251 1304 1400 1481
1171 1401 1404 1485
1251 1321 1404 1485
444 594 1405 1485
158 1259 1406 1481
163 1162 1406 1481
172 1160 1406 1470
190 1099 1406 1481
208 847 1406 1470
211 767 1406 1481
213 588 1406 1481
215 453 1406 1481
233 308 1406 1475
302 302 1406 1409
684 759 1409 1492
249 664 1410 1485
302 399 1410 1485
683 1439 1412 1492
759 1288 1412 1480
923 1118 1417 1485
1043 1073 1417 1492
1264 1414 1420 1481
1168 1345 1422 1492
1244 1269 1422 1497
780 930 1426 1492
922 997 1432 1480
1284 1434 1435 1497
587 662 1436 1485
857 1007 1442 1480
751 1015 1444 1480
795 945 1444 1470
827 864 1444 1480
1253 1403 1445 1481
109 1384 1447 1475
125 1335 1447 1475
131 1317 1447 1470
132 1236 1447 1470
149 1187 1447 1475
150 1070 1447 1475
160 892 1447 1481
163 818 1447 1481
170 667 1447 1470
172 503 1447 1470
173 482 1447 1475
207 427 1447 1470
221 413 1447 1475
248 331 1447 1475
260 300 1447 1481
254 1474 1449 1475
297 1396 1449 1468
364 1232 1449 1485
399 857 1449 1492
405 406 1449 1492
612 687 1451 1492
1289 1364 1453 1487
724 799 1454 1492
679 857 1460 1470
707 754 1460 1492
750 1084 1465 1492
782 1016 1465 1492
901 1008 1465 1492
795 1400 1466 1485
858 1334 1466 1485
871 1324 1466 1485
967 1301 1466 1485
1017 1258 1466 1492
197 1396 1469 1475
204 1389 1469 1481
221 1313 1469 1481
226 1245 1469 1470
245 1204 1469 1481
247 1196 1469 1481
248 1094 1469 1475
273 1053 1469 1470
295 1037 1469 1475
297 997 1469 1475
299 958 1469 1475
323 921 1469 1481
324 909 1469 1481
336 892 1469 1485
357 886 1469 1481
358 802 1469 1492
363 723 1469 1492
365 718 1469 1485
366 651 1469 1475
371 642 1469 1475
439 508 1469 1492
450 507 1469 1481
94 1487 1471 1475
97 1484 1471 1475
104 1452 1471 1475
108 1449 1471 1475
120 1433 1471 1475
124 1426 1471 1475
148 1421 1471 1475
149 1411 1471 1475
151 1409 1471 1475
155 1389 1471 1475
157 1372 1471 1475
160 1369 1471 1475
165 1345 1471 1475
170 1335 1471 1475
175 1334 1471 1481
193 1317 1471 1481
201 1301 1471 1475
205 1293 1471 1481
208 1270 1471 1475
210 1250 1471 1475
211 1245 1471 1475
226 1243 1471 1481
232 1210 1471 1475
236 1206 1471 1475
239 1177 1471 1475
245 1160 1471 1475
271 1139 1471 1475
273 1126 1471 1475
302 1092 1471 1475
303 1085 1471 1481
308 1063 1471 1475
342 1053 1471 1475
374 1037 1471 1475
381 996 1471 1485
391 995 1471 1492
394 992 1471 1492
428 971 1471 1492
438 962 1471 1492
470 945 1471 1480
504 930 1471 1492
619 927 1471 1492
643 915 1471 1492
659 886 1471 1485
666 862 1471 1492
668 857 1471 1492
679 847 1471 1492
701 846 1471 1480
712 824 1471 1492
771 820 1471 1485
780 814 1471 1492
795 809 1471 1492
1100 1283 1475 1497
1225 1250 1475 1497
166 1487 1476 1481
170 1484 1476 1481
180 1480 1476 1481
187 1474 1476 1481
188 1472 1476 1481
193 1456 1476 1481
194 1452 1476 1481
196 1433 1476 1481
221 1426 1476 1481
223 1421 1476 1481
230 1411 1476 1481
232 1409 1476 1481
240 1408 1476 1481
245 1396 1476 1481
246 1389 1476 1481
247 1384 1476 1481
250 1372 1476 1485
254 1369 1476 1485
256 1351 1476 1481
260 1327 1476 1481
264 1321 1476 1481
266 1313 1476 1481
268 1301 1476 1485
271 1298 1476 1485
276 1293 1476 1481
286 1282 1476 1485
288 1275 1476 1485
292 1272 1476 1485
293 1270 1476 1485
295 1259 1476 1481
298 1258 1476 1481
299 1250 1476 1481
305 1245 1476 1481
308 1243 1476 1481
316 1239 1476 1481
322 1238 1476 1481
323 1236 1476 1481
332 1210 1476 1481
354 1206 1476 1481
364 1202 1476 1485
365 1200 1476 1485
369 1187 1476 1492
371 1177 1476 1492
374 1170 1476 1481
381 1161 1476 1481
385 1160 1476 1492
397 1156 1476 1485
401 1151 1476 1492
409 1139 1476 1492
444 1134 1476 1492
449 1126 1476 1480
451 1099 1476 1481
483 1094 1476 1481
499 1075 1476 1492
516 1073 1476 1485
548 1072 1476 1492
560 1063 1476 1492
567 1053 1476 1485
610 1035 1476 1485
625 998 1476 1492
643 997 1476 1485
651 996 1476 1485
665 981 1476 1485
687 959 1476 1485
692 958 1476 1481
693 955 1476 1481
709 933 1476 1481
739 915 1476 1485
752 905 1476 1492
759 886 1476 1485
761 879 1476 1492
776 859 1476 1492
783 843 1476 1492
788 820 1476 1485
543 945 1479 1492
602 834 1479 1492
619 794 1479 1492
629 779 1479 1492
753 758 1479 1480
444 1496 1481 1481
449 1452 1481 1481
470 1420 1481 1485
481 1368 1481 1481
494 1310 1481 1492
513 1303 1481 1492
536 1296 1481 1481
580 1288 1481 1492
589 1227 1481 1492
595 1202 1481 1485
607 1200 1481 1485
664 1187 1481 1485
675 1158 1481 1481
676 1139 1481 1492
687 1126 1481 1492
692 1111 1481 1481
701 1103 1481 1481
709 1088 1481 1481
724 1015 1481 1492
730 1007 1481 1485
751 997 1481 1492
753 992 1481 1485
771 952 1481 1481
800 945 1481 1492
827 921 1481 1485
844 916 1481 1492
847 904 1481 1481
857 902 1481 1481
865 895 1481 1481
866 880 1481 1492
262 1484 1482 1485
264 1480 1482 1485
269 1478 1482 1485
271 1472 1482 1485
301 1456 1482 1485
302 1452 1482 1485
309 1447 1482 1485
312 1433 1482 1485
341 1426 1482 1485
342 1421 1482 1485
345 1420 1482 1492
354 1411 1482 1492
355 1409 1482 1485
357 1408 1482 1485
358 1403 1482 1485
361 1401 1482 1492
362 1399 1482 1485
363 1396 1482 1492
375 1384 1482 1492
377 1380 1482 1492
385 1377 1482 1485
391 1368 1482 1492
399 1361 1482 1485
407 1353 1482 1485
412 1351 1482 1485
418 1347 1482 1492
425 1339 1482 1492
428 1334 1482 1485
431 1333 1482 1485
438 1329 1482 1485
439 1327 1482 1485
444 1321 1482 1492
448 1317 1482 1492
449 1304 1482 1492
452 1298 1482 1485
470 1296 1482 1485
479 1293 1482 1485
481 1286 1482 1485
483 1270 1482 1485
504 1258 1482 1485
515 1252 1482 1492
520 1245 1482 1485
524 1242 1482 1492
535 1239 1482 1485
543 1237 1482 1485
548 1236 1482 1492
551 1235 1482 1492
564 1226 1482 1492
582 1220 1482 1492
589 1217 1482 1485
590 1206 1482 1492
591 1204 1482 1492
596 1199 1482 1492
602 1196 1482 1492
605 1188 1482 1485
607 1177 1482 1485
610 1176 1482 1485
621 1170 1482 1492
624 1159 1482 1492
625 1158 1482 1492
643 1150 1482 1492
650 1147 1482 1485
651 1144 1482 1485
652 1139 1482 1485
657 1131 1482 1485
663 1122 1482 1492
672 1120 1482 1485
675 1111 1482 1492
683 1110 1482 1492
686 1103 1482 1485
702 1101 1482 1485
708 1100 1482 1485
712 1097 1482 1492
713 1094 1482 1485
716 1088 1482 1485
719 1085 1482 1485
726 1084 1482 1485
730 1069 1482 1485
748 1064 1482 1485
751 1061 1482 1485
760 1056 1482 1492
761 1052 1482 1492
768 1049 1482 1485
771 1046 1482 1485
782 1015 1482 1492
802 1010 1482 1485
814 1007 1482 1485
819 998 1482 1492
833 994 1482 1492
844 992 1482 1492
845 985 1482 1492
847 983 1482 1492
848 981 1482 1492
857 980 1482 1492
866 971 1482 1485
872 962 1482 1492
877 961 1482 1485
881 955 1482 1485
887 952 1482 1485
893 946 1482 1485
903 931 1482 1492
906 922 1482 1492
910 921 1482 1485
311 1484 1486 1492
312 1480 1486 1492
318 1478 1486 1492
319 1472 1486 1492
328 1456 1486 1492
330 1452 1486 1492
339 1447 1486 1492
341 1440 1486 1492
348 1434 1486 1492
350 1433 1486 1492
383 1426 1486 1492
385 1421 1486 1492
395 1420 1486 1492
399 1409 1486 1492
401 1408 1486 1492
403 1403 1486 1492
405 1401 1486 1492
407 1400 1486 1492
408 1399 1486 1492
412 1393 1486 1492
415 1384 1486 1492
417 1377 1486 1492
423 1373 1486 1492
425 1372 1486 1492
426 1369 1486 1492
428 1361 1486 1492
433 1353 1486 1492
438 1351 1486 1492
455 1345 1486 1492
469 1337 1486 1492
471 1336 1486 1492
479 1333 1486 1492
486 1330 1486 1492
487 1329 1486 1492
499 1327 1486 1492
504 1324 1486 1492
516 1321 1486 1492
520 1313 1486 1492
534 1311 1486 1492
535 1310 1486 1492
545 1307 1486 1492
548 1303 1486 1492
550 1301 1486 1492
551 1296 1486 1492
554 1295 1486 1492
564 1293 1486 1492
580 1282 1486 1492
581 1275 1486 1492
587 1272 1486 1492
589 1271 1486 1492
604 1261 1486 1492
605 1258 1486 1492
626 1257 1486 1492
632 1250 1486 1492
633 1237 1486 1492
639 1232 1486 1492
658 1227 1486 1492
659 1224 1486 1492
664 1223 1486 1492
672 1222 1486 1492
678 1217 1486 1492
680 1210 1486 1492
684 1205 1486 1492
686 1191 1486 1492
687 1187 1486 1492
694 1181 1486 1492
701 1177 1486 1492
702 1176 1486 1492
707 1170 1486 1492
708 1165 1486 1492
709 1162 1486 1492
712 1159 1486 1492
715 1158 1486 1492
716 1156 1486 1492
739 1144 1486 1492
747 1132 1486 1492
749 1131 1486 1492
751 1130 1486 1492
755 1128 1486 1492
759 1119 1486 1492
767 1118 1486 1492
768 1106 1486 1492
784 1100 1486 1492
788 1097 1486 1492
795 1088 1486 1492
802 1085 1486 1492
803 1074 1486 1492
812 1073 1486 1492
821 1065 1486 1492
827 1064 1486 1492
842 1061 1486 1492
844 1059 1486 1492
856 1057 1486 1492
857 1053 1486 1492
860 1052 1486 1492
865 1046 1486 1492
871 1045 1486 1492
872 1040 1486 1492
880 1035 1486 1492
881 1029 1486 1492
883 1023 1486 1492
887 1014 1486 1492
895 998 1486 1492
897 997 1486 1492
898 996 1486 1492
901 994 1486 1492
907 992 1486 1492
909 985 1486 1492
915 983 1486 1492
916 981 1486 1492
918 967 1486 1492
919 959 1486 1492
932 947 1486 1492
934 935 1486 1492
1296 1496 1488 1492
1325 1480 1488 1497
1330 1472 1488 1492
1351 1446 1488 1497
1354 1439 1488 1492
1365 1426 1488 1497
1377 1420 1488 1497
1397 1400 1488 1492
1047 1497 1493 1497
1048 1496 1493 1497
1057 1480 1493 1497
1062 1468 1493 1497
1069 1456 1493 1497
1073 1452 1493 1497
1096 1446 1493 1497
1097 1440 1493 1497
1101 1434 1493 1497
1123 1433 1493 1497
1131 1426 1493 1497
1133 1421 1493 1497
1135 1420 1493 1497
1140 1401 1493 1497
1141 1393 1493 1497
1157 1392 1493 1497
1163 1380 1493 1497
1173 1377 1493 1497
1177 1373 1493 1497
1181 1369 1493 1497
1199 1364 1493 1497
1205 1357 1493 1497
1206 1352 1493 1497
1207 1351 1493 1497
1217 1350 1493 1497
1220 1346 1493 1497
1223 1345 1493 1497
1225 1342 1493 1497
1227 1337 1493 1497
1243 1332 1493 1497
1253 1324 1493 1497
1257 1322 1493 1497
1267 1313 1493 1497
1270 1307 1493 1497
1272 1304 1493 1497
1273 1301 1493 1497
1276 1293 1493 1497
1277 1289 1493 1497
1282 1282 1493 1497