248
19 74 1 97
39 56 1 97
29 95 2 96
33 61 2 95
51 54 2 94
18 76 4 97
39 68 4 97
47 60 4 97
14 71 5 96
39 60 6 96
37 51 7 96
25 90 8 97
4 91 9 90
9 90 9 96
22 86 9 97
39 41 9 94
1 77 10 97
20 46 10 96
7 90 11 97
18 63 11 96
25 60 11 97
37 51 11 97
39 88 12 92
63 83 12 100
28 62 13 96
54 100 14 96
17 80 16 97
25 70 16 97
28 29 16 95
34 85 17 96
61 80 17 97
67 72 17 98
34 56 18 92
8 88 19 96
37 83 19 90
50 51 19 97
62 80 20 95
4 79 21 97
13 68 21 97
19 61 21 96
31 53 21 96
39 44 21 96
19 60 22 95
34 38 22 96
4 47 23 84
24 46 23 97
32 42 23 97
41 70 24 95
17 80 25 95
22 70 25 97
49 61 25 97
15 99 26 95
30 92 26 96
39 89 26 97
50 80 26 97
26 81 27 96
66 76 27 98
14 86 28 95
16 71 28 97
29 49 28 97
39 47 28 92
42 44 28 95
11 77 29 97
40 59 29 97
50 53 29 97
11 50 30 96
29 32 30 97
1 14 31 48
1 86 33 41
29 76 33 96
40 43 33 90
39 97 34 97
63 75 34 94
41 99 35 97
50 64 35 95
51 54 35 96
42 99 36 94
64 93 36 97
79 82 36 100
26 83 37 96
42 72 37 96
65 69 38 96
26 89 39 95
56 80 39 97
66 72 39 97
46 86 40 96
63 68 40 96
20 95 42 95
22 89 42 92
23 86 42 90
42 55 42 92
32 46 43 97
7 89 44 97
11 82 44 97
16 72 44 97
22 37 44 97
54 76 45 94
28 80 47 96
7 60 48 96
11 89 49 96
22 68 49 90
28 62 51 90
28 35 52 89
45 99 53 100
71 95 53 97
75 83 53 98
39 60 54 92
4 53 55 82
39 44 55 89
27 95 56 95
33 83 56 97
34 64 56 95
37 63 56 96
44 56 56 97
25 76 57 91
40 49 57 96
9 91 58 90
33 64 58 95
45 49 58 92
76 97 60 95
4 76 61 79
23 74 61 89
39 68 61 97
48 61 61 100
57 74 62 96
25 99 63 88
67 96 63 100
74 85 63 100
7 99 64 90
19 89 64 97
48 76 64 97
50 64 64 96
54 61 64 97
11 100 66 84
19 40 67 96
77 81 68 98
75 89 69 95
66 70 71 100
31 99 72 97
42 86 72 96
65 69 72 100
7 99 74 74
8 97 74 96
13 79 74 97
35 49 74 97
25 100 75 90
39 99 75 96
47 93 75 100
50 82 75 100
54 74 75 95
61 70 75 97
54 77 78 90
39 76 80 95
22 97 82 89
35 48 82 95
29 53 83 95
11 39 84 96
29 100 85 96
47 92 85 95
48 89 85 100
69 77 85 100
24 83 86 97
43 78 86 96
64 72 86 95
27 43 87 97
19 40 88 97
26 99 89 96
42 96 89 92
16 97 90 97
22 74 90 96
23 44 90 90
28 41 90 96
36 38 90 97
9 99 91 96
11 86 91 96
15 83 91 96
22 77 91 96
25 72 91 97
28 68 91 97
37 62 91 97
39 59 91 97
40 53 91 97
44 50 91 91
45 49 91 96
28 76 92 95
44 61 92 95
51 51 92 100
14 96 93 96
22 89 93 96
34 88 93 97
39 71 93 97
45 60 93 95
48 56 93 95
50 55 93 100
38 99 95 96
39 82 95 95
51 76 95 100
54 75 95 100
55 62 95 95
15 99 96 96
17 97 96 97
19 92 96 96
20 86 96 96
26 82 96 97
27 75 96 97
29 72 96 97
30 71 96 96
34 70 96 96
35 64 96 97
41 63 96 97
42 62 96 96
44 61 96 96
47 56 96 97
48 54 96 97
49 49 96 97
18 99 97 97
19 97 97 97
22 96 97 97
26 95 97 97
28 90 97 97
29 88 97 97
31 85 97 97
34 81 97 97
38 80 97 97
41 78 97 97
43 77 97 97
44 76 97 97
46 72 97 100
47 70 97 100
50 69 97 97
52 68 97 100
55 62 97 100
57 61 97 100
54 99 98 100
55 96 98 100
56 93 98 100
57 90 98 100
63 89 98 100
65 86 98 100
66 85 98 100
70 81 98 98
74 78 98 100
75 77 98 98
76 76 98 100
67 90 99 100
70 86 99 100
71 83 99 100
73 77 99 100