196
41 56 1 889
186 200 2 880
115 126 3 857
136 146 15 860
35 860 16 857
35 860 27 845
874 889 30 812
139 882 38 836
566 580 39 880
776 788 42 880
139 882 50 826
479 491 61 880
126 824 63 857
453 466 69 900
594 608 77 880
126 835 79 850
334 764 81 880
344 752 81 865
641 651 83 874
377 390 85 871
315 325 90 880
291 306 91 880
62 769 93 836
544 553 99 857
689 700 102 857
430 439 104 857
62 769 109 826
358 367 119 857
713 725 122 857
148 864 123 857
240 250 128 880
90 105 129 897
67 79 131 841
148 864 133 850
520 533 133 858
401 812 136 836
416 799 136 826
213 226 139 880
123 747 143 857
13 27 147 836
500 509 150 857
621 632 153 857
123 747 155 850
142 724 168 836
159 276 169 857
173 262 169 880
663 678 170 857
735 744 173 857
849 861 178 880
142 724 184 826
48 774 198 836
48 774 209 826
70 788 218 836
70 788 230 826
116 726 243 857
116 726 253 850
3 807 264 277
22 749 291 830
22 749 303 826
168 796 312 857
168 796 323 830
58 821 331 830
58 821 345 826
170 842 354 880
170 842 368 865
51 858 379 830
51 858 393 826
41 778 402 836
41 778 418 830
87 855 426 836
87 855 439 826
71 850 447 836
71 850 459 826
94 772 472 836
94 772 482 826
145 746 491 857
145 746 503 850
107 724 514 812
107 724 527 799
25 861 536 547
138 782 556 857
138 782 570 850
70 739 582 836
70 739 595 826
140 762 606 761
140 762 616 750
118 754 627 836
118 754 641 826
162 775 654 857
162 775 664 741
151 831 674 712
151 831 688 697
58 831 698 836
151 768 698 836
58 831 713 826
151 768 713 826
849 861 724 865
162 804 725 738
479 491 725 865
874 889 727 836
594 608 730 865
753 764 731 880
263 276 738 857
663 678 739 880
159 775 742 857
162 172 742 857
76 806 751 761
140 762 751 761
430 439 754 880
401 415 756 880
689 700 763 880
291 306 764 880
171 830 776 857
713 725 782 880
171 830 791 830
776 788 793 880
240 250 794 857
725 890 800 865
500 509 803 880
735 744 812 880
725 890 813 857
874 889 813 865
621 632 826 880
8 882 827 836
22 858 827 836
48 855 827 836
51 850 827 830
62 831 827 830
71 821 827 836
87 799 827 836
94 788 827 836
118 774 827 836
139 772 827 836
142 769 827 836
151 768 827 836
416 754 827 880
724 749 827 880
725 739 827 836
566 580 830 880
13 858 831 836
22 850 831 836
28 831 831 836
41 830 831 836
58 821 831 836
62 796 831 836
168 778 831 857
171 749 831 857
401 889 837 865
724 873 837 857
755 830 837 850
779 812 837 845
797 799 837 850
358 367 838 880
544 553 842 857
315 325 845 880
34 860 846 857
35 812 846 857
778 778 846 857
186 200 847 857
115 864 851 857
116 835 851 857
123 830 851 857
126 799 851 857
127 796 851 857
138 782 851 857
145 754 851 857
148 747 851 857
727 746 851 880
173 890 858 880
186 873 858 880
201 835 858 880
240 824 858 880
251 754 858 880
263 749 858 880
358 746 858 865
368 744 858 880
430 734 858 865
440 726 858 880
500 725 858 880
510 724 858 880
621 723 858 880
633 712 858 880
663 700 858 880
679 688 858 880
213 226 863 880
344 890 866 880
358 873 866 880
401 862 866 880
430 861 866 880
479 848 866 880
492 842 866 880
594 752 866 880
609 746 866 880
725 734 866 880
334 343 872 880
825 835 876 880