50
15 36 3 40
25 26 3 38
3 34 6 40
5 14 6 38
7 7 6 36
8 33 7 28
18 30 9 38
3 6 10 36
6 21 13 28
19 39 14 37
23 36 14 37
3 30 15 28
7 25 15 28
2 19 16 37
2 34 17 28
3 21 17 37
6 14 17 26
3 6 18 28
5 30 19 36
9 19 19 38
22 33 21 37
27 36 22 39
15 24 23 40
8 33 24 36
9 21 27 37
15 17 27 38
18 30 28 40
6 39 29 36
8 33 29 36
9 30 29 35
13 24 29 31
16 21 29 40
19 19 29 40
22 39 32 35
23 36 32 37
24 24 32 40
24 39 35 37
31 39 36 39
33 33 36 36
31 39 37 37
33 33 37 37
19 39 38 38
22 34 38 38
25 30 38 38
18 39 39 40
19 34 39 40
20 30 39 40
22 26 39 40
26 39 40 40
27 36 40 40