616
466 584 5 588
370 473 8 561
72 146 9 578
476 574 15 578
478 553 16 543
184 271 17 597
169 463 18 597
284 379 18 597
82 136 19 577
488 598 26 533
510 543 26 528
194 261 27 597
179 273 28 590
28 143 29 565
520 588 36 533
38 133 39 555
267 356 46 590
229 299 53 597
56 169 54 578
277 346 56 591
341 442 59 590
239 289 63 590
66 159 64 577
336 454 65 590
351 432 69 591
457 566 70 597
10 71 74 547
346 444 75 590
407 502 76 597
369 463 77 591
194 261 78 587
380 556 80 597
464 466 80 597
20 61 84 565
488 543 85 597
417 492 86 597
379 453 87 590
184 271 88 597
31 137 89 565
370 473 90 590
82 136 91 578
478 553 95 533
434 536 96 591
41 574 99 548
128 475 99 597
520 588 100 597
72 146 101 578
66 159 105 568
444 526 106 597
38 133 108 548
466 584 109 597
50 598 110 578
139 509 110 587
254 341 111 578
56 372 115 578
170 274 115 597
295 379 116 590
28 143 118 565
317 435 119 597
60 346 120 577
129 276 120 587
179 432 121 587
264 350 121 587
274 331 121 591
467 556 122 597
130 226 124 578
285 444 125 591
346 362 125 591
305 369 126 597
260 425 129 597
327 340 129 587
239 356 130 597
267 289 130 590
169 442 131 597
284 340 131 597
457 566 132 597
140 216 134 587
336 454 135 597
217 311 136 597
270 330 139 591
229 299 140 597
31 92 145 565
227 301 146 580
177 286 149 597
444 509 152 597
41 82 155 548
139 276 159 587
187 198 159 580
20 453 160 548
62 378 160 568
454 499 162 588
60 331 165 568
129 263 165 578
305 369 168 597
149 188 169 587
10 463 170 481
72 368 170 577
180 293 172 587
21 137 173 537
50 341 175 548
139 253 175 578
41 127 176 548
295 379 178 591
417 492 179 597
190 283 182 587
31 422 183 555
128 362 183 587
285 327 183 597
51 156 185 555
31 137 186 538
12 502 189 537
97 406 189 578
309 391 190 597
275 412 193 597
338 372 193 597
444 526 194 597
61 146 195 548
493 581 196 591
22 301 199 537
87 226 199 578
319 381 200 597
270 330 202 580
410 536 204 597
434 519 204 591
503 571 206 591
327 425 207 587
217 311 209 597
260 340 212 580
187 509 214 587
277 419 214 597
149 435 217 587
189 316 217 578
173 291 218 597
278 393 219 597
140 216 221 577
177 596 224 597
287 508 224 597
60 174 225 548
139 471 227 587
199 374 227 597
164 281 228 590
183 249 228 590
41 383 229 555
83 287 229 578
130 226 231 587
256 586 234 590
349 518 234 597
70 164 235 577
385 478 237 591
415 461 237 597
142 239 238 578
174 212 238 580
31 92 239 525
22 86 241 525
266 338 244 587
425 468 247 597
152 202 248 577
198 412 249 597
266 381 249 597
319 337 249 597
12 283 251 525
97 189 251 567
454 499 255 590
208 422 259 597
256 391 259 587
309 327 259 590
492 578 260 588
180 293 261 590
444 509 265 591
288 383 269 591
277 568 270 587
367 501 270 590
420 595 274 590
510 516 274 597
421 522 277 587
149 251 278 577
278 393 279 597
31 356 280 515
70 286 280 567
128 281 280 577
165 182 280 580
61 154 283 555
77 146 283 577
410 585 284 590
520 526 284 597
431 512 287 597
159 241 288 590
21 291 290 537
60 174 290 555
138 172 290 578
51 156 293 555
87 144 293 578
247 571 298 590
351 502 298 590
174 239 300 590
16 126 303 491
257 581 308 580
341 492 308 597
164 249 310 590
208 568 311 587
256 501 311 587
26 116 313 537
425 468 316 597
462 573 319 597
198 578 321 580
266 491 321 597
98 216 324 578
152 478 326 568
203 461 326 597
385 414 326 590
519 586 327 597
472 563 329 588
318 402 331 591
108 206 334 597
142 471 336 597
213 374 336 597
509 596 337 591
108 209 340 577
328 392 341 597
69 338 342 577
151 265 342 577
159 459 343 577
242 381 343 597
87 144 344 565
349 478 347 597
372 417 347 597
118 199 350 587
79 348 352 577
141 255 352 597
149 449 353 597
252 391 353 590
77 418 354 577
155 301 354 590
359 468 357 587
382 407 357 597
483 551 361 597
312 515 364 597
409 434 364 597
287 356 366 597
437 501 370 597
493 585 371 597
527 541 371 597
175 286 372 587
101 505 374 567
178 444 374 580
108 206 375 577
26 512 376 525
117 430 376 587
277 366 376 590
447 491 380 591
257 595 381 597
341 516 381 587
185 276 382 590
111 167 384 567
98 216 385 567
16 522 386 427
127 420 386 587
22 121 389 537
247 381 391 590
289 350 391 597
168 270 398 590
32 111 399 537
386 474 400 591
299 371 401 597
359 407 402 597
69 139 403 567
75 158 405 567
328 392 407 597
178 260 408 590
396 464 410 597
349 417 412 597
79 563 413 577
130 471 413 597
85 148 415 577
50 147 416 548
318 402 417 581
445 505 420 597
462 573 423 597
60 408 426 555
138 398 426 587
292 311 426 581
447 491 427 591
12 549 428 491
16 522 428 491
107 441 428 597
118 199 428 597
435 515 430 590
97 176 431 578
19 276 433 565
88 184 433 565
392 449 434 581
347 454 435 597
389 418 436 590
437 501 437 597
22 539 438 565
97 468 438 567
108 451 438 597
210 381 438 597
272 375 439 587
38 151 440 555
107 331 441 578
167 268 441 590
29 286 443 555
78 174 443 565
79 459 444 547
141 381 444 568
357 444 445 581
372 478 448 597
282 365 449 597
48 141 450 578
279 321 451 597
32 129 453 555
79 111 453 578
69 167 454 578
111 150 454 578
299 371 458 591
493 541 461 588
22 139 463 525
48 138 463 555
57 121 463 578
69 118 463 578
101 345 464 547
178 282 464 590
289 381 468 587
85 523 469 578
149 438 469 578
396 464 470 590
483 551 471 591
58 278 473 577
67 214 473 567
109 128 473 577
178 335 474 587
261 292 474 597
75 513 479 577
159 448 479 590
19 474 480 548
89 385 480 567
154 237 480 590
437 535 481 588
1 463 482 547
10 82 482 547
190 300 483 587
225 268 483 587
168 270 484 590
270 356 489 597
29 227 490 548
79 163 490 578
447 525 491 587
11 549 492 537
12 522 492 537
73 126 492 577
200 290 493 590
60 137 495 577
280 346 499 587
281 372 501 581
50 147 505 578
291 388 511 590
302 362 511 597
22 356 516 548
31 96 516 555
107 166 517 548
452 539 519 590
292 398 521 597
282 365 522 597
293 335 522 587
48 141 525 555
26 512 526 537
31 444 526 548
87 356 526 567
93 283 526 567
107 139 526 555
97 176 527 555
442 549 529 597
510 543 529 587
104 210 531 597
272 375 532 590
283 345 532 590
449 598 534 597
478 588 534 597
488 553 534 590
514 519 534 597
38 151 535 555
347 454 536 597
32 549 538 555
73 522 538 578
112 512 538 597
117 502 538 578
122 301 538 597
138 291 538 577
29 137 539 548
31 77 539 548
114 200 541 587
225 553 544 580
269 523 544 597
439 477 544 597
72 463 548 578
79 459 548 578
101 345 548 548
20 574 549 565
22 474 549 565
38 453 549 555
41 444 549 555
60 356 549 578
61 345 549 555
78 341 549 567
83 321 549 578
88 290 549 578
101 278 549 578
107 227 549 597
128 199 549 567
134 174 549 597
138 166 549 587
147 147 549 578
291 362 552 587
215 278 554 597
79 549 556 578
107 453 556 567
130 444 556 597
134 422 556 597
139 408 556 587
140 383 556 587
142 345 556 578
155 286 556 597
175 176 556 597
190 331 559 597
269 300 559 597
281 473 562 590
370 372 562 597
62 574 566 568
78 539 566 568
87 474 566 567
88 276 566 578
89 184 566 567
93 174 566 567
138 144 566 568
69 505 568 568
70 474 568 577
75 468 568 577
78 453 568 568
98 385 568 578
101 356 568 578
107 341 568 578
109 286 568 577
111 283 568 578
128 216 568 577
140 214 568 577
159 199 568 590
168 189 568 590
175 184 568 590
58 574 569 578
60 539 569 578
66 505 569 577
69 478 569 577
129 453 569 587
138 381 569 587
141 378 569 597
145 331 569 597
152 159 569 597
57 563 578 578
58 513 578 578
72 505 578 578
73 478 578 578
82 474 578 578
85 468 578 578
119 459 578 578
127 418 578 597
129 368 578 597
137 348 578 587
147 346 578 587
151 338 578 597
152 291 578 597
159 286 578 597
160 281 578 597
165 278 578 578
203 265 578 597
207 251 578 597
210 214 578 578
112 598 579 597
117 563 579 587
122 549 579 587
129 539 579 597
130 525 579 587
137 523 579 587
138 522 579 587
142 513 579 597
145 505 579 597
147 502 579 587
149 478 579 597
151 475 579 597
164 474 579 580
165 468 579 580
168 463 579 587
170 446 579 597
173 438 579 597
177 406 579 597
189 385 579 590
210 372 579 597
215 345 579 590
217 331 579 580
240 321 579 580
264 316 579 597
277 290 579 597
284 287 579 597
174 581 581 590
178 578 581 590
183 553 581 590
187 474 581 587
198 468 581 597
199 444 581 597
213 340 581 597
217 331 581 597
225 330 581 590
227 321 581 587
228 301 581 597
240 269 581 597
257 259 581 590
280 449 582 597
281 444 582 587
292 402 582 590
312 391 582 587
318 372 582 591
347 356 582 590
118 563 588 597
122 549 588 597
127 543 588 597
128 523 588 597
167 516 588 590
168 509 588 590
175 502 588 590
178 501 588 590
179 474 588 590
180 471 588 590
189 468 588 590
194 463 588 590
200 453 588 597
208 446 588 597
217 444 588 590
225 435 588 590
262 432 588 597
264 430 588 597
266 425 588 597
269 408 588 590
272 398 588 590
277 383 588 590
280 375 588 597
281 358 588 590
284 350 588 590
287 348 588 591
289 338 588 591
291 321 588 597
293 311 588 590
294 300 588 590
454 584 589 597
466 578 589 597
472 563 589 597
492 541 589 590
493 499 589 591
155 595 591 597
159 586 591 597
190 585 591 597
194 581 591 597
215 578 591 597
217 571 591 597
239 541 591 597
240 539 591 597
242 516 591 597
252 515 591 597
256 509 591 597
257 499 591 597
260 491 591 597
261 487 591 597
274 474 591 591
277 471 591 591
282 468 591 597
284 464 591 597
292 463 591 597
293 454 591 597
295 451 591 591
301 448 591 591
302 442 591 597
309 435 591 597
312 434 591 597
328 419 591 597
331 418 591 591
336 414 591 591
341 409 591 591
346 408 591 591
347 402 591 591
359 398 591 591
370 395 591 597
376 391 591 597
379 385 591 597
380 384 591 591
382 383 591 597
285 596 592 597
287 581 592 597
288 571 592 597
289 551 592 597
299 536 592 597
301 519 592 597
332 509 592 597
336 508 592 597
339 502 592 597
341 499 592 597
349 482 592 597
351 478 592 597
357 471 592 597
359 463 592 597
363 451 592 597
369 448 592 597
372 444 592 597
373 443 592 597
384 432 592 597
386 418 592 597
399 414 592 597
409 409 592 597