1206
1 1549 1 411
237 1994 6 2000
1796 1983 9 1997
358 1983 10 2000
1050 1994 11 2000
1801 1983 11 1998
820 922 15 1997
373 1994 17 1997
27 1994 20 2000
199 1994 21 1972
612 1983 22 2000
1410 1994 25 2000
347 1943 28 1997
1777 1847 28 1998
78 1994 29 2000
588 1983 29 2000
1819 1983 31 1998
603 1994 34 1998
259 1983 35 2000
3 1994 39 375
831 1983 40 1998
1307 1983 42 1997
1461 1994 43 1996
1906 1983 47 2000
495 1994 49 1998
791 1994 50 1997
1164 1994 52 1998
1134 1983 53 1996
1197 1294 53 2000
428 1994 56 2000
305 1983 61 1997
1648 1654 63 1990
748 1983 65 1998
1862 1994 66 1997
1727 1994 67 1998
364 1994 69 2000
670 1983 69 2000
749 1641 70 2000
1421 1994 71 2000
1374 1983 73 2000
1528 1994 75 2000
471 1549 78 1990
1197 1983 81 1997
575 1994 85 2000
1650 1994 89 2000
1452 1994 91 2000
1683 1994 93 2000
539 1994 94 2000
1569 1983 94 2000
320 1994 95 1998
1073 1994 97 2000
1650 1994 100 1997
1071 1983 101 2000
1705 1994 103 1990
1583 1983 105 2000
849 1994 107 2000
334 1994 109 1998
574 1495 114 2000
1348 1994 117 2000
1441 1983 117 2000
1420 1983 118 1998
205 1994 119 1948
106 1994 123 1998
186 1419 125 1948
1832 1994 127 1997
790 1994 128 2000
494 1994 132 1998
250 1994 133 1998
672 1983 133 1998
817 932 133 1997
1960 1994 135 2000
874 1994 139 1998
1554 1983 139 2000
246 1994 141 2000
1823 1994 142 2000
635 1994 144 2000
1011 1983 144 2000
1087 1994 145 2000
447 1994 152 1989
85 1994 153 2000
210 1983 153 2000
753 1009 154 1998
550 1983 155 2000
661 1994 158 2000
1089 1994 161 2000
715 1994 162 1982
819 1994 164 1962
1740 1983 164 2000
1776 1994 166 2000
1770 1994 171 1998
1057 1983 175 2000
1545 1994 188 2000
177 1994 189 2000
857 1994 193 2000
295 1994 196 1998
298 1983 197 2000
1189 1994 203 1997
390 1201 208 2000
1102 1994 209 1998
41 1994 211 2000
1539 1994 212 2000
281 1994 213 2000
920 1994 220 1997
853 1994 221 2000
206 1983 228 1998
1629 1994 230 2000
333 1983 234 1998
224 1994 236 2000
1890 1994 237 1997
50 1797 239 2000
786 1994 240 1998
1470 1983 240 2000
409 1983 242 1998
1945 1983 244 2000
791 1983 247 2000
316 1994 249 1948
1533 1983 249 2000
424 1994 250 2000
1887 1983 250 2000
1473 1994 251 2000
858 962 252 1998
1688 1994 255 1998
777 1983 256 1962
607 1994 268 2000
948 1983 268 2000
668 1476 269 1998
825 1994 274 1997
1056 1293 274 1998
1958 1994 275 2000
705 1545 280 1998
1003 1983 284 2000
734 1983 285 1962
831 1994 286 1958
636 1994 288 2000
888 1293 291 1998
637 1994 292 2000
729 1994 295 2000
1757 1994 296 1997
935 1983 297 1998
1028 1994 299 2000
938 1994 300 1997
785 1983 301 1962
837 1658 301 2000
487 1994 302 2000
852 1983 302 1962
1402 1994 303 2000
1312 1612 304 2000
854 1646 306 1998
1610 1983 307 2000
435 1994 310 2000
846 1983 310 1962
666 1983 313 1998
833 1994 317 1998
1732 1994 318 1998
1376 1994 325 1997
774 1983 329 1998
415 1994 330 2000
421 1994 333 2000
1696 1983 333 1997
957 1983 336 2000
1597 1994 337 2000
356 1994 343 1998
242 1983 344 1948
883 1994 346 1998
481 1994 347 2000
1007 1983 347 2000
71 1994 350 1998
656 1983 352 2000
1751 1994 353 2000
941 1994 358 2000
518 1994 363 2000
378 611 364 2000
1109 1994 365 2000
514 1196 372 2000
1059 1994 373 1998
1291 1983 373 1968
856 1819 379 2000
1335 1983 382 2000
394 1983 388 1998
1593 1994 389 1998
1610 1983 391 2000
187 1994 393 2000
546 1983 396 1962
1583 1847 398 1996
384 1994 400 1998
1330 1983 400 1997
676 1994 401 1958
119 1594 404 1998
916 1994 405 1958
710 1994 407 1982
1627 1983 407 1998
21 1994 408 2000
191 1549 411 2000
1196 1983 413 1998
1681 1983 414 1996
1802 1994 418 2000
790 1994 420 2000
309 1983 426 1947
622 1118 427 2000
780 1994 429 1998
1302 1983 429 1982
818 1983 430 2000
932 1983 432 1982
1693 1983 434 1990
1956 1994 435 2000
1043 1994 437 2000
1644 1983 437 2000
1149 1994 438 1968
330 1983 439 2000
1137 1994 440 2000
978 1994 441 1998
1131 1983 448 2000
1712 1994 450 1998
1237 1793 451 1954
289 1605 452 1998
1697 1983 454 1998
794 1994 456 2000
1961 1983 456 2000
1593 1994 457 2000
973 1994 458 2000
1123 1983 458 1998
934 1502 461 2000
1119 1994 462 2000
32 1994 465 1946
1747 1983 465 2000
448 1983 470 2000
1468 1983 472 2000
497 1994 474 2000
397 1983 475 1998
932 1994 477 1954
1774 1983 480 1998
982 1983 483 1952
1161 1786 483 1966
1880 1983 490 2000
1920 1983 494 2000
763 1994 496 1998
473 1983 497 1948
322 1994 501 1998
389 1994 502 2000
1159 1983 502 2000
1246 1994 508 1998
454 1994 511 2000
1202 1983 513 1948
1519 1994 515 1997
247 324 518 1947
1596 1780 519 1990
38 1983 521 2000
6 1748 522 2000
835 1076 522 2000
1324 1983 523 2000
140 1983 529 2000
1638 1983 530 2000
171 1994 532 1948
1058 1994 539 2000
1238 1983 540 1998
1993 1994 541 2000
249 1637 543 1998
331 1983 546 1998
1726 1994 547 2000
1879 1983 547 1998
52 1994 549 2000
255 1983 550 1997
755 1983 551 2000
50 1830 553 2000
1594 1983 556 2000
28 1983 557 1946
695 1994 564 2000
1651 1847 564 1998
14 708 565 1946
1399 1994 566 2000
173 1335 567 2000
1303 1994 568 1997
840 1994 570 1998
300 1983 571 2000
1076 1994 573 2000
946 1994 579 2000
1406 1994 582 2000
1052 1994 583 2000
344 1994 594 1998
1344 1983 594 1982
1528 1983 602 2000
776 1994 604 2000
1742 1983 609 1998
391 1994 610 1997
474 1983 611 2000
469 739 612 2000
1060 1994 615 1998
1544 1994 622 2000
456 1983 623 1998
432 1994 624 2000
258 1983 627 2000
1454 1994 628 2000
1839 1983 628 2000
577 985 632 1958
783 1994 635 2000
1179 1983 638 2000
167 1983 647 2000
469 1983 648 2000
97 1994 650 1940
373 1994 651 1998
1808 1983 651 1997
1097 1983 653 2000
264 1983 654 2000
418 1994 656 2000
1161 1983 656 1998
1264 1983 657 2000
308 1994 658 2000
1106 1994 659 2000
1543 1983 659 2000
341 1994 660 2000
1174 1983 660 1946
1812 1994 662 1990
1348 1983 664 2000
976 1994 676 1998
1027 1983 676 2000
1629 1983 677 2000
625 1994 679 1998
1220 1983 679 1948
1408 1994 685 2000
1471 1983 687 1996
1803 1994 688 1998
1297 1983 689 2000
288 1994 691 1948
1036 1983 693 1998
1503 1809 697 1998
1469 1983 699 2000
1382 1994 702 1998
266 1983 703 1948
1030 1194 704 2000
1614 1994 707 2000
195 1994 708 1998
1089 1294 709 2000
1712 1983 710 2000
1367 1983 718 2000
338 1983 719 1997
1558 1983 721 1990
1952 1983 722 1997
1753 1777 728 1996
804 1994 731 2000
1386 1983 731 2000
65 1994 736 2000
466 1994 737 2000
1396 1983 737 1997
28 1664 740 1946
1751 1994 743 2000
141 1994 749 2000
606 1847 749 2000
432 1994 750 1998
1285 1983 750 1998
467 1983 751 2000
1025 1994 754 1997
813 1889 755 1998
954 1994 758 1998
1073 1683 758 1998
697 1994 761 2000
440 1994 762 1997
1054 1983 762 2000
1543 1994 764 1997
1794 1994 767 2000
172 1983 768 2000
1061 1549 768 2000
793 1994 769 2000
1166 1983 775 1997
1571 1983 778 1998
252 1983 779 2000
1975 1994 783 1997
1139 1983 784 2000
1096 1994 786 2000
1906 1983 790 2000
711 1994 791 2000
1531 1983 793 2000
19 1983 794 2000
1222 1994 795 1998
1348 1983 795 1997
111 1994 796 1998
458 1994 800 2000
205 1847 803 1998
340 1994 804 2000
920 1983 804 1998
1441 1713 806 1998
55 1983 808 1998
837 1994 816 2000
120 1994 823 1948
1584 1983 823 1998
1961 1994 824 2000
1384 1994 830 2000
1535 1983 831 1997
790 1847 833 1982
1824 1983 835 1998
1650 1994 837 1982
1529 1983 838 1998
542 1983 841 2000
1975 1994 843 1998
624 636 847 2000
515 1994 851 2000
862 1549 856 2000
191 1549 857 2000
478 1994 860 2000
967 1983 860 2000
258 1994 864 2000
358 1983 864 1998
572 1612 864 2000
1275 1983 867 1998
364 1994 869 2000
1938 1994 870 2000
463 1983 871 1990
694 1983 873 1990
132 1994 874 1946
608 1983 876 2000
937 1994 877 2000
1810 1983 881 1996
1732 1983 882 2000
477 1185 885 2000
1504 1994 891 2000
1594 1994 894 2000
1635 1983 894 2000
1398 1994 896 2000
215 1994 897 2000
1697 1983 899 1998
1400 1994 903 1982
522 1994 908 1998
567 1994 910 1990
1550 1983 910 2000
584 1983 911 1998
1519 1983 912 1997
345 1994 914 2000
1546 1994 918 2000
766 1983 919 2000
756 1983 922 2000
1437 1983 927 2000
904 1994 929 2000
395 1994 930 2000
1065 1983 930 1998
291 1983 931 1944
1665 1994 933 2000
1500 1994 937 2000
96 1994 938 1998
615 1983 938 1998
1186 1231 939 1990
755 1983 940 2000
291 1994 941 1998
1606 1983 941 1996
1173 1994 943 1998
598 1772 948 2000
1054 1983 955 1997
1936 1983 960 2000
1344 1994 962 2000
63 1876 964 1946
164 1994 965 1998
706 1983 965 2000
1291 1983 966 1998
488 1983 967 1990
1284 1983 968 2000
386 1994 970 1948
1695 1983 970 2000
75 1994 973 2000
1010 1983 973 2000
7 708 975 2000
73 640 975 1998
1151 1994 976 2000
1734 1983 977 2000
1079 1994 978 1998
603 1994 979 1998
1692 1994 980 1998
478 1994 985 1990
1008 1987 986 2000
228 1994 987 1948
1015 1983 989 1990
1500 1994 992 2000
1567 1777 995 1998
327 1994 998 2000
1847 1994 999 1997
1895 1983 1001 1990
1392 1994 1008 2000
1611 1983 1008 2000
561 1983 1011 2000
100 1994 1012 1998
459 1994 1014 2000
190 1994 1017 2000
512 1994 1018 2000
403 1994 1019 2000
1549 1753 1020 2000
1097 1994 1021 2000
91 1983 1029 2000
495 1994 1033 2000
819 1983 1033 2000
571 1753 1040 1998
1956 1994 1041 2000
103 1994 1042 1923
174 1983 1044 1998
1640 1983 1045 2000
1303 1983 1046 2000
378 1994 1049 1998
924 1994 1052 1998
1754 1983 1052 2000
1711 1994 1062 1997
1229 1983 1066 2000
197 1994 1067 1998
571 1983 1067 1998
1506 1847 1067 2000
205 1983 1072 2000
653 1994 1074 1946
135 1994 1076 1998
178 1983 1076 1998
399 1983 1079 2000
510 1559 1081 1990
1014 1983 1082 2000
1548 1994 1083 2000
349 1983 1085 1998
446 1584 1086 1998
495 1994 1088 1990
1036 1983 1088 1998
393 1994 1091 2000
508 1994 1098 1962
184 1983 1101 2000
1489 1994 1102 1997
569 1994 1104 2000
511 1994 1105 2000
1934 1983 1105 2000
307 1994 1108 1997
1217 1983 1108 1990
1756 1765 1109 2000
1407 1983 1111 1998
1370 1983 1114 2000
1423 1994 1117 2000
1437 1994 1118 2000
415 1994 1119 1989
350 1983 1122 1946
67 1983 1125 2000
537 1857 1125 2000
214 1994 1126 2000
309 1994 1129 2000
433 1983 1129 1998
317 1624 1132 2000
262 1983 1133 2000
1022 1994 1134 1997
915 1983 1138 2000
707 1994 1139 1998
1643 1994 1140 1998
448 1994 1143 1997
1757 1983 1146 2000
1964 1994 1147 1997
1496 1983 1148 2000
1444 1994 1153 1990
1607 1983 1154 1997
517 1983 1158 1990
1838 1994 1159 1997
690 1846 1162 2000
726 1994 1164 2000
180 1983 1169 1998
1730 1994 1173 2000
841 1994 1177 2000
1848 1983 1177 2000
1163 1843 1181 1998
1361 1983 1182 2000
732 1847 1184 1998
856 1983 1191 1989
1012 1983 1193 2000
657 1983 1194 1990
760 1994 1195 2000
724 1983 1196 1998
1380 1994 1199 1998
1215 1994 1200 1990
240 1994 1201 1998
8 1994 1202 2000
1050 1847 1202 2000
1311 1983 1203 1968
1063 1309 1204 1998
109 956 1205 2000
400 1983 1207 1998
94 1994 1210 1940
608 1983 1211 2000
213 1994 1213 1998
383 1994 1214 2000
1466 1983 1215 2000
761 1994 1221 2000
1050 1994 1222 2000
1064 1983 1225 2000
459 1949 1227 2000
180 877 1229 1948
386 1983 1230 2000
1752 1983 1232 1998
1175 1994 1237 2000
1438 1983 1237 2000
1775 1777 1237 2000
172 1983 1238 2000
471 1777 1238 2000
571 1752 1238 2000
748 1549 1238 2000
862 1548 1238 1998
216 1994 1241 1947
823 1994 1244 2000
572 1994 1253 2000
1217 1994 1256 1998
1443 1983 1260 1966
336 735 1262 1998
1482 1994 1263 1998
1019 1994 1267 2000
1553 1994 1268 2000
1214 1740 1269 1998
1724 1983 1274 1998
961 1994 1275 2000
1242 1983 1275 1982
1844 1983 1280 2000
955 1994 1281 1990
362 1983 1285 2000
200 1983 1288 1998
381 1983 1289 2000
194 1994 1292 1998
1157 1994 1293 1998
108 1994 1298 2000
1481 1983 1298 1998
1983 1994 1301 1998
230 1983 1302 1948
292 1994 1304 2000
458 1983 1304 2000
60 1983 1308 2000
126 1994 1309 2000
460 1575 1310 1998
882 1049 1311 1998
934 1994 1312 1997
386 1983 1313 2000
1651 1994 1315 2000
1772 1994 1320 1997
1219 1807 1324 1997
1002 1983 1326 2000
278 1994 1328 2000
158 1182 1329 1946
1704 1994 1331 1998
1783 1994 1337 1997
173 1994 1339 2000
799 1994 1340 2000
151 1994 1341 2000
173 1994 1342 2000
351 1994 1343 2000
867 1994 1344 2000
1279 1983 1344 2000
828 1983 1346 1998
256 1994 1347 1998
561 1983 1349 2000
929 1994 1350 1998
1766 1994 1352 2000
633 1983 1355 2000
1443 1983 1356 2000
985 1983 1359 2000
910 1994 1360 2000
1608 1983 1360 2000
315 1983 1368 1998
554 1983 1372 1989
527 1983 1374 1989
195 1994 1377 1998
579 1983 1378 1990
1106 1994 1380 1998
1547 1983 1380 2000
1684 1994 1382 1998
589 1983 1384 2000
846 1983 1386 2000
191 1844 1388 2000
126 1994 1389 1998
492 1366 1392 1990
1502 1983 1395 1997
1493 1983 1397 1998
1207 1983 1398 2000
1922 1983 1399 2000
1190 1983 1405 1982
304 1994 1407 1998
1824 1994 1409 1998
1165 1994 1410 1990
339 1983 1412 2000
466 1220 1415 2000
1577 1777 1417 2000
327 1983 1420 2000
1326 1994 1424 2000
1211 1994 1427 1997
1471 1994 1430 2000
1970 1983 1431 1997
1578 1994 1435 1997
41 1994 1438 1998
1699 1983 1438 1997
631 1983 1444 2000
105 1994 1445 2000
381 1994 1448 2000
963 1983 1452 2000
1698 1994 1453 2000
507 1994 1456 2000
752 1994 1463 2000
1843 1983 1463 1998
321 1983 1470 1927
112 1983 1472 1998
187 1994 1478 2000
353 1983 1482 1998
917 1994 1484 2000
690 1983 1485 2000
1567 1994 1486 1998
1606 1994 1490 1963
1705 1994 1492 2000
458 1983 1493 1998
254 1983 1494 2000
1875 1983 1495 1998
504 1383 1497 1990
287 1983 1500 1947
1105 1994 1504 2000
249 1983 1505 1998
108 1983 1511 1940
682 1084 1511 2000
1317 1983 1515 1997
913 1994 1517 1962
673 1994 1519 2000
1006 1994 1521 1998
1917 1983 1521 2000
93 1994 1523 1998
499 1994 1524 1990
203 1983 1527 1948
1756 1983 1530 1996
964 1994 1532 2000
1867 1983 1534 2000
182 544 1535 2000
1499 1983 1539 1997
1811 1994 1546 1997
919 1994 1548 2000
707 1983 1549 1998
413 1994 1550 2000
1121 1994 1551 2000
1067 1983 1552 2000
217 1983 1554 1948
1862 1994 1564 2000
1875 1934 1564 2000
612 1994 1568 2000
610 1994 1571 2000
481 1983 1572 1989
526 1994 1574 2000
706 1994 1576 1990
56 1994 1584 2000
1305 1796 1592 1998
1480 1983 1593 2000
1246 1983 1594 1997
293 938 1601 2000
409 1994 1602 1998
382 1994 1604 1997
311 1983 1605 1948
50 1994 1608 2000
906 1983 1609 1998
1442 1487 1609 1998
1145 1994 1611 2000
862 1994 1612 2000
361 1983 1613 1998
53 1983 1614 1946
1589 1983 1619 2000
750 1994 1621 2000
1839 1983 1621 2000
1080 1994 1622 1997
203 1994 1628 2000
908 1847 1628 1998
1075 1983 1629 2000
716 1983 1631 1997
486 1994 1632 2000
886 1737 1632 1998
411 1994 1634 1998
72 592 1637 1946
302 1994 1638 2000
462 1983 1640 2000
75 1983 1645 1940
1506 1983 1646 2000
623 1994 1647 2000
1803 1994 1649 1997
1088 1983 1650 1997
710 1983 1651 1998
358 1983 1653 1948
1559 1994 1654 2000
1039 1994 1658 1998
25 1994 1661 2000
136 1983 1667 1998
261 1994 1674 2000
653 1983 1678 2000
100 1983 1680 2000
1145 1983 1681 1998
1395 1983 1683 2000
325 1994 1685 1998
1840 1983 1686 2000
929 1994 1689 1989
105 1983 1690 1845
880 1983 1691 1998
1475 1777 1692 1998
278 1994 1697 1998
985 1994 1699 1998
1506 1994 1700 1963
1948 1983 1700 2000
445 1994 1706 1998
1175 1983 1706 2000
822 1983 1707 2000
935 1994 1708 2000
80 1994 1713 1923
877 1983 1713 2000
1418 1994 1717 2000
668 1994 1719 2000
110 1994 1721 1998
392 1994 1722 2000
1007 1994 1723 2000
52 1994 1725 1946
1546 1983 1726 1957
1563 1983 1730 2000
185 1994 1732 2000
582 1994 1733 1997
1050 1994 1735 1982
620 1994 1736 1990
1129 1994 1743 2000
545 1983 1752 2000
1452 1983 1753 1998
1807 1994 1755 2000
1343 1994 1759 1998
1676 1994 1761 1998
65 1994 1763 2000
960 1983 1763 2000
1684 1994 1769 2000
1924 1994 1773 2000
752 1994 1775 2000
1880 1983 1777 2000
1591 1994 1780 1996
1667 1983 1780 1998
1771 1994 1783 2000
567 1983 1784 2000
420 777 1789 2000
399 1983 1791 2000
1603 1808 1791 1990
240 1983 1793 1946
624 1983 1795 1962
411 1994 1796 1997
1272 1994 1798 2000
801 1983 1799 1997
1573 1983 1800 1997
84 1994 1801 1946
332 1384 1801 1998
97 1994 1803 1998
1263 1994 1804 1997
250 1625 1805 2000
32 1994 1810 2000
1789 1983 1812 1998
392 1994 1814 1997
1978 1983 1820 1986
549 1983 1822 1998
750 1994 1823 2000
109 1994 1825 2000
696 1983 1825 2000
456 1983 1829 1998
187 1994 1831 2000
750 1983 1833 2000
1407 1983 1834 2000
122 1994 1837 2000
1148 1994 1844 2000
1336 1994 1845 1998
1845 1983 1845 2000
60 104 1846 1998
1093 1983 1848 2000
1831 1994 1852 1998
1303 1994 1853 1982
1225 1994 1854 2000
1516 1983 1855 1997
935 1117 1856 2000
813 1994 1860 2000
198 1983 1865 1972
542 1994 1866 2000
459 1983 1868 1998
449 1994 1875 2000
1384 1983 1875 1997
1890 1983 1877 1998
1496 1994 1879 2000
1961 1983 1883 2000
747 1994 1888 2000
1192 1454 1889 2000
1053 1983 1890 2000
653 1994 1892 2000
1871 1983 1895 1990
545 1994 1898 1998
1102 1983 1898 2000
1074 1994 1899 2000
1093 1983 1902 1990
1298 1983 1904 2000
1789 1983 1908 1998
809 1994 1911 2000
1196 1983 1914 1998
1195 1994 1919 1982
29 1994 1924 2000
80 1983 1924 2000
103 515 1924 2000
1641 1983 1927 2000
263 320 1928 2000
755 1983 1936 1998
1230 1994 1938 2000
1741 1983 1940 2000
94 1846 1941 1998
97 1838 1941 2000
108 1807 1941 1998
141 1776 1941 2000
167 1772 1941 2000
197 1609 1941 2000
203 1605 1941 2000
242 1582 1941 1998
258 1576 1941 2000
292 1566 1941 1972
488 1505 1941 1997
504 1474 1941 1998
549 1442 1941 2000
695 1437 1941 1998
732 1419 1941 2000
790 1394 1941 1990
1050 1383 1941 2000
1102 1316 1941 2000
197 1994 1945 1972
291 1983 1945 2000
1621 1994 1946 1998
32 1994 1947 2000
52 1876 1947 2000
53 1664 1947 2000
63 1182 1947 2000
72 1173 1947 1998
84 708 1947 2000
132 652 1947 2000
158 592 1947 2000
240 349 1947 2000
175 324 1948 2000
216 308 1948 2000
247 286 1948 2000
114 1994 1949 2000
120 1419 1949 1998
171 1219 1949 2000
180 1201 1949 1998
186 877 1949 2000
203 828 1949 2000
205 472 1949 1998
217 385 1949 1998
228 357 1949 2000
230 315 1949 1998
242 310 1949 2000
266 287 1949 2000
759 981 1953 1990
857 1793 1955 2000
932 1236 1955 2000
1359 1545 1958 1997
562 1994 1959 1990
577 1983 1959 2000
676 985 1959 2000
831 915 1959 2000
479 1994 1963 1997
508 912 1963 2000
546 851 1963 1998
624 845 1963 2000
734 818 1963 1997
777 784 1963 1990
1290 1994 1964 2000
1506 1983 1964 2000
1606 1975 1964 1998
1696 1983 1965 1997
1089 1994 1967 2000
1161 1786 1967 2000
1237 1442 1967 1997
1064 1310 1969 2000
1149 1290 1969 2000
188 1566 1973 1998
197 291 1973 2000
198 198 1973 2000
708 1983 1983 2000
710 1847 1983 1998
715 1649 1983 2000
790 1399 1983 2000
932 1343 1983 2000
1050 1302 1983 1998
1190 1301 1983 2000
1195 1241 1983 1998
1892 1977 1987 2000
406 928 1990 1998
415 855 1990 2000
447 553 1990 1998
481 526 1990 1998
461 1994 1991 1997
463 1894 1991 2000
471 1870 1991 1998
478 1811 1991 2000
488 1808 1991 2000
492 1780 1991 2000
495 1704 1991 1998
499 1692 1991 2000
504 1654 1991 1998
510 1647 1991 2000
517 1602 1991 1998
562 1595 1991 1998
567 1559 1991 1998
579 1557 1991 2000
620 1549 1991 1997
657 1443 1991 2000
694 1394 1991 1998
706 1383 1991 2000
759 1366 1991 1998
777 1231 1991 1998
785 1216 1991 1998
790 1214 1991 1998
955 1185 1991 2000
982 1164 1991 2000
1015 1092 1991 2000
1131 1994 1997 1998
1134 1983 1997 2000
1461 1847 1997 1998
1471 1809 1997 1998
1583 1777 1997 1997
1591 1755 1997 1998
1606 1752 1997 2000
1648 1680 1997 2000
253 1983 1998 2000
255 1974 1998 2000
305 1969 1998 2000
307 1963 1998 1998
338 1951 1998 1998
347 1943 1998 1998
373 1889 1998 2000
382 1861 1998 1998
391 1846 1998 2000
392 1837 1998 2000
411 1831 1998 1998
440 1810 1998 2000
448 1802 1998 2000
461 1795 1998 1998
479 1782 1998 2000
488 1777 1998 2000
582 1771 1998 2000
620 1756 1998 2000
716 1710 1998 2000
734 1698 1998 2000
791 1649 1998 2000
801 1606 1998 2000
817 1582 1998 2000
819 1577 1998 1998
820 1572 1998 2000
825 1549 1998 2000
920 1545 1998 2000
923 1542 1998 2000
933 1534 1998 2000
934 1515 1998 2000
938 1505 1998 1998
1022 1501 1998 1998
1025 1498 1998 2000
1054 1488 1998 2000
1080 1442 1998 2000
1088 1395 1998 1998
1166 1383 1998 1998
1189 1375 1998 2000
1197 1358 1998 1998
1211 1347 1998 2000
1219 1329 1998 2000
1237 1316 1998 1998
1246 1306 1998 1998
1263 1302 1998 2000
55 1994 1999 2000
60 1982 1999 2000
71 1975 1999 2000
72 1974 1999 2000
73 1963 1999 2000
75 1951 1999 2000
91 1943 1999 2000
93 1919 1999 2000
94 1905 1999 2000
96 1891 1999 2000
97 1878 1999 2000
100 1874 1999 2000
105 1866 1999 2000
106 1861 1999 2000
108 1847 1999 2000
110 1846 1999 2000
111 1843 1999 2000
112 1842 1999 2000
119 1839 1999 2000
120 1838 1999 2000
126 1831 1999 2000
135 1830 1999 2000
140 1823 1999 2000
164 1819 1999 2000
178 1809 1999 2000
180 1807 1999 2000
194 1802 1999 2000
197 1800 1999 2000
200 1797 1999 2000
206 1796 1999 2000
213 1795 1999 2000
240 1788 1999 2000
242 1776 1999 2000
249 1773 1999 2000
256 1769 1999 2000
258 1753 1999 2000
259 1751 1999 2000
262 1741 1999 2000
266 1737 1999 2000
278 1726 1999 2000
289 1723 1999 2000
295 1713 1999 2000
300 1711 1999 2000
304 1704 1999 2000
309 1703 1999 2000
315 1691 1999 2000
316 1687 1999 2000
317 1680 1999 2000
320 1675 1999 2000
322 1666 1999 2000
325 1658 1999 2000
331 1654 1999 2000
332 1650 1999 2000
334 1642 1999 2000
336 1639 1999 2000
338 1637 1999 2000
344 1626 1999 2000
347 1620 1999 2000
349 1602 1999 2000
353 1595 1999 2000
356 1593 1999 2000
358 1592 1999 2000
362 1590 1999 2000
373 1584 1999 2000
378 1582 1999 2000
382 1577 1999 2000
384 1575 1999 2000
389 1570 1999 2000
394 1566 1999 2000
397 1559 1999 2000
400 1548 1999 2000
406 1545 1999 2000
432 1530 1999 2000
433 1528 1999 2000
435 1527 1999 2000
440 1502 1999 2000
445 1492 1999 2000
446 1487 1999 2000
447 1481 1999 2000
448 1480 1999 2000
456 1476 1999 2000
458 1470 1999 2000
459 1468 1999 2000
460 1460 1999 2000
467 1454 1999 2000
471 1451 1999 2000
474 1442 1999 2000
477 1441 1999 2000
481 1440 1999 2000
487 1437 1999 2000
494 1419 1999 2000
495 1406 1999 2000
516 1395 1999 2000
517 1394 1999 2000
522 1384 1999 2000
545 1381 1999 2000
546 1379 1999 2000
549 1373 1999 2000
550 1366 1999 2000
562 1360 1999 2000
588 1358 1999 2000
598 1343 1999 2000
607 1342 1999 2000
608 1334 1999 2000
612 1323 1999 2000
615 1316 1999 2000
622 1309 1999 2000
624 1302 1999 2000
631 1296 1999 2000
637 1284 1999 2000
666 1283 1999 2000
668 1274 1999 2000
672 1245 1999 2000
694 1237 1999 2000
695 1236 1999 2000
705 1231 1999 2000
724 1218 1999 2000
732 1214 1999 2000
736 1196 1999 2000
740 1194 1999 2000
748 1191 1999 2000
750 1189 1999 2000
753 1173 1999 2000
759 1172 1999 2000
763 1163 1999 2000
766 1162 1999 2000
774 1160 1999 2000
777 1156 1999 2000
780 1130 1999 2000
785 1122 1999 2000
786 1105 1999 2000
790 1101 1999 2000
813 1096 1999 2000
817 1088 1999 2000
833 1087 1999 2000
840 1084 1999 2000
852 1078 1999 2000
858 1074 1999 2000
862 1072 1999 2000
874 1070 1999 2000
880 1064 1999 2000
883 1063 1999 2000
888 1062 1999 2000
906 1059 1999 2000
908 1058 1999 2000
920 1056 1999 2000
924 1053 1999 2000
932 1052 1999 2000
935 1038 1999 2000
938 1035 1999 2000
954 1021 1999 2000
957 1014 1999 2000
963 1013 1999 2000
976 1009 1999 2000
978 1005 1999 2000
985 1001 1999 2000